1 0 0 0 0 1 0 0 0 0 1 0
1 0 0 0 0 1 0 0 0 0 1 0
1 0 0 0 0 1 0 0 0 0 1 0
1 0 0 0 0 1 0 0 0 0 1 0
1 0 0 0 0 1 0 0 0 0 1 0
1 0 0 0 0 1 0 0 0 0 1 0
1 0 0 0 0 1 0 0 0 0 1 0
1 0 0 0 0 1 0 0 0 0 1 0
1 0 0 0 0 1 0 0 0 0 1 0
1 0 0 0 0 1 0 0 0 0 1 0
1 0 0 0 0 1 0 0 0 0 1 0
1 0 0 0 0 1 0 0 0 0 1 0
1 0 0 0 0 1 0 0 0 0 1 0
1 0 0 0 0 1 0 0 0 0 1 0
1 0 0 0 0 1 0 0 0 0 1 0
1 0 0 0 0 1 0 0 0 0 1 0
1 0 0 0 0 1 0 0 0 0 1 0
1 0 0 0 0 1 0 0 0 0 1 0
1 0 0 0 0 1 0 0 0 0 1 0
1 0 0 0 0 1 0 0 0 0 1 0
1 0 0 0 0 1 0 0 0 0 1 0
1 0 0 0 0 1 0 0 0 0 1 0
1 0 0 0 0 1 0 0 0 0 1 0
1 0 0 0 0 1 0 0 0 0 1 0
1 0 0 0 0 1 0 0 0 0 1 0
1 0 0 0 0 1 0 0 0 0 1 0
1 0 0 0 0 1 0 0 0 0 1 0
1 0 0 0 0 1 0 0 0 0 1 0
1 0 0 0 0 1 0 0 0 0 1 0
1 0 0 0 0 1 0 0 0 0 1 0
1 0 0 0 0 1 0 0 0 0 1 0
1 0 0 0 0 1 0 0 0 0 1 0
1 0 0 0 0 1 0 0 0 0 1 0
1 0 0 0 0 1 0 0 0 0 1 0
1 0 0 0 0 1 0 0 0 0 1 0
1 0 0 0 0 1 0 0 0 0 1 0
1 0 0 0 0 1 0 0 0 0 1 0
1 0 0 0 0 1 0 0 0 0 1 0
1 0 0 0 0 1 0 0 0 0 1 0
1 0 0 0 0 1 0 0 0 0 1 0
1 0 0 0 0 1 0 0 0 0 1 0
1 0 0 0 0 1 0 0 0 0 1 0
1 0 0 0 0 1 0 0 0 0 1 0
1 0 0 0 0 1 0 0 0 0 1 0
1 0 0 0 0 1 0 0 0 0 1 0
1 0 0 0 0 1 0 0 0 0 1 0
1 0 0 0 0 1 0 0 0 0 1 0
1 0 0 0 0 1 0 0 0 0 1 0
1 0 0 0 0 1 0 0 0 0 1 0
1 0 0 0 0 1 0 0 0 0 1 0
1 0 0 0 0 1 0 0 0 0 1 0
1 0 0 0 0 1 0 0 0 0 1 0
1 0 0 0 0 1 0 0 0 0 1 0
1 0 0 0 0 1 0 0 0 0 1 0
1 0 0 0 0 1 0 0 0 0 1 0
1 0 0 0 0 1 0 0 0 0 1 0
1 0 0 0 0 1 0 0 0 0 1 0
1 0 0 0 0 1 0 0 0 0 1 0
1 0 0 0 0 1 0 0 0 0 1 0
1 0 0 0 0 1 0 0 0 0 1 0
1 0 0 0 0 1 0 0 0 0 1 0
1 0 0 0 0 1 0 0 0 0 1 0
1 0 0 0 0 1 0 0 0 0 1 0
1 0 0 0 0 1 0 0 0 0 1 0
1 0 0 0 0 1 0 0 0 0 1 0
1 0 0 0 0 1 0 0 0 0 1 0
1 0 0 0 0 1 0 0 0 0 1 0
1 0 0 0 0 1 0 0 0 0 1 0
1 0 0 0 0 1 0 0 0 0 1 0
1 0 0 0 0 1 0 0 0 0 1 0
1 0 0 0 0 1 0 0 0 0 1 0
1 0 0 0 0 1 0 0 0 0 1 0
1 0 0 0 0 1 0 0 0 0 1 0
1 0 0 0 0 1 0 0 0 0 1 0
1 0 0 0 0 1 0 0 0 0 1 0
1 0 0 0 0 1 0 0 0 0 1 0
1 0 0 0 0 1 0 0 0 0 1 0
1 0 0 0 0 1 0 0 0 0 1 0
1 0 0 0 0 1 0 0 0 0 1 0
1 0 0 0 0 1 0 0 0 0 1 0
1 0 0 0 0 1 0 0 0 0 1 0
1 0 0 0 0 1 0 0 0 0 1 0
1 0 0 0 0 1 0 0 0 0 1 0
1 0 0 0 0 1 0 0 0 0 1 0
1 0 0 0 0 1 0 0 0 0 1 0
1 0 0 0 0 1 0 0 0 0 1 0
1 0 0 0 0 1 0 0 0 0 1 0
1 0 0 0 0 1 0 0 0 0 1 0
1 0 0 0 0 1 0 0 0 0 1 0
1 0 0 0 0 1 0 0 0 0 1 0
1 0 0 0 0 1 0 0 0 0 1 0
1 0 0 0 0 1 0 0 0 0 1 0
1 0 0 0 0 1 0 0 0 0 1 0
1 0 0 0 0 1 0 0 0 0 1 0
1 0 0 0 0 1 0 0 0 0 1 0
1 0 0 0 0 1 0 0 0 0 1 0
1 0 0 0 0 1 0 0 0 0 1 0
1 0 0 0 0 1 0 0 0 0 1 0
1 0 0 0 0 1 0 0 0 0 1 0
1 0 0 0 0 1 0 0 0 0 1 0
1 0 0 0 0 1 0 0 0 0 1 0
1 0 0 0 0 1 0 0 0 0 1 0
1 0 0 0 0 1 0 0 0 0 1 0
1 0 0 0 0 1 0 0 0 0 1 0
1 0 0 0 0 1 0 0 0 0 1 0
1 0 0 0 0 1 0 0 0 0 1 0
1 0 0 0 0 1 0 0 0 0 1 0
1 0 0 0 0 1 0 0 0 0 1 0
1 0 0 0 0 1 0 0 0 0 1 0
1 0 0 0 0 1 0 0 0 0 1 0
1 0 0 0 0 1 0 0 0 0 1 0
1 0 0 0 0 1 0 0 0 0 1 0
1 0 0 0 0 1 0 0 0 0 1 0
1 0 0 0 0 1 0 0 0 0 1 0
1 0 0 0 0 1 0 0 0 0 1 0
1 0 0 0 0 1 0 0 0 0 1 0
1 0 0 0 0 1 0 0 0 0 1 0
1 0 0 0 0 1 0 0 0 0 1 0
1 0 0 0 0 1 0 0 0 0 1 0
1 0 0 0 0 1 0 0 0 0 1 0
1 0 0 0 0 1 0 0 0 0 1 0
1 0 0 0 0 1 0 0 0 0 1 0
1 0 0 0 0 1 0 0 0 0 1 0
1 0 0 0 0 1 0 0 0 0 1 0
1 0 0 0 0 1 0 0 0 0 1 0
1 0 0 0 0 1 0 0 0 0 1 0
1 0 0 0 0 1 0 0 0 0 1 0
1 0 0 0 0 1 0 0 0 0 1 0
1 0 0 0 0 1 0 0 0 0 1 0
1 0 0 0 0 1 0 0 0 0 1 0
1 0 0 0 0 1 0 0 0 0 1 0
1 0 0 0 0 1 0 0 0 0 1 0
1 0 0 0 0 1 0 0 0 0 1 0
1 0 0 0 0 1 0 0 0 0 1 0
1 0 0 0 0 1 0 0 0 0 1 0
1 0 0 0 0 1 0 0 0 0 1 0
1 0 0 0 0 1 0 0 0 0 1 0
1 0 0 0 0 1 0 0 0 0 1 0
1 0 0 0 0 1 0 0 0 0 1 0
1 0 0 0 0 1 0 0 0 0 1 0
1 0 0 0 0 1 0 0 0 0 1 0
1 0 0 0 0 1 0 0 0 0 1 0
1 0 0 0 0 1 0 0 0 0 1 0
1 0 0 0 0 1 0 0 0 0 1 0
1 0 0 0 0 1 0 0 0 0 1 0
1 0 0 0 0 1 0 0 0 0 1 0
1 0 0 0 0 1 0 0 0 0 1 0
1 0 0 0 0 1 0 0 0 0 1 0
1 0 0 0 0 1 0 0 0 0 1 0
1 0 0 0 0 1 0 0 0 0 1 0
1 0 0 0 0 1 0 0 0 0 1 0
1 0 0 0 0 1 0 0 0 0 1 0
1 0 0 0 0 1 0 0 0 0 1 0
1 0 0 0 0 1 0 0 0 0 1 0
1 0 0 0 0 1 0 0 0 0 1 0
1 0 0 0 0 1 0 0 0 0 1 0
1 0 0 0 0 1 0 0 0 0 1 0
1 0 0 0 0 1 0 0 0 0 1 0
1 0 0 0 0 1 0 0 0 0 1 0
1 0 0 0 0 1 0 0 0 0 1 0
1 0 0 0 0 1 0 0 0 0 1 0
1 0 0 0 0 1 0 0 0 0 1 0
1 0 0 0 0 1 0 0 0 0 1 0
1 0 0 0 0 1 0 0 0 0 1 0
1 0 0 0 0 1 0 0 0 0 1 0
1 0 0 0 0 1 0 0 0 0 1 0
1 0 0 0 0 1 0 0 0 0 1 0
1 0 0 0 0 1 0 0 0 0 1 0
1 0 0 0 0 1 0 0 0 0 1 0
1 0 0 0 0 1 0 0 0 0 1 0
1 0 0 0 0 1 0 0 0 0 1 0
1 0 0 0 0 1 0 0 0 0 1 0
1 0 0 0 0 1 0 0 0 0 1 0
1 0 0 0 0 1 0 0 0 0 1 0
1 0 0 0 0 1 0 0 0 0 1 0
1 0 0 0 0 1 0 0 0 0 1 0
1 0 0 0 0 1 0 0 0 0 1 0
1 0 0 0 0 1 0 0 0 0 1 0
1 0 0 0 0 1 0 0 0 0 1 0
1 0 0 0 0 1 0 0 0 0 1 0
1 0 0 0 0 1 0 0 0 0 1 0
1 0 0 0 0 1 0 0 0 0 1 0
1 0 0 0 0 1 0 0 0 0 1 0
1 0 0 0 0 1 0 0 0 0 1 0
1 0 0 0 0 1 0 0 0 0 1 0
1 0 0 0 0 1 0 0 0 0 1 0
1 0 0 0 0 1 0 0 0 0 1 0
1 0 0 0 0 1 0 0 0 0 1 0
1 0 0 0 0 1 0 0 0 0 1 0
1 0 0 0 0 1 0 0 0 0 1 0
1 0 0 0 0 1 0 0 0 0 1 0
1 0 0 0 0 1 0 0 0 0 1 0
1 0 0 0 0 1 0 0 0 0 1 0
1 0 0 0 0 1 0 0 0 0 1 0
1 0 0 0 0 1 0 0 0 0 1 0
1 0 0 0 0 1 0 0 0 0 1 0
1 0 0 0 0 1 0 0 0 0 1 0
1 0 0 0 0 1 0 0 0 0 1 0
1 0 0 0 0 1 0 0 0 0 1 0
1 0 0 0 0 1 0 0 0 0 1 0
1 0 0 0 0 1 0 0 0 0 1 0
1 0 0 0 0 1 0 0 0 0 1 0
1 0 0 0 0 1 0 0 0 0 1 0
1 0 0 0 0 1 0 0 0 0 1 0
1 0 0 0 0 1 0 0 0 0 1 0
1 0 0 0 0 1 0 0 0 0 1 0
1 0 0 0 0 1 0 0 0 0 1 0
1 0 0 0 0 1 0 0 0 0 1 0
1 0 0 0 0 1 0 0 0 0 1 0
1 0 0 0 0 1 0 0 0 0 1 0
1 0 0 0 0 1 0 0 0 0 1 0
1 0 0 0 0 1 0 0 0 0 1 0
1 0 0 0 0 1 0 0 0 0 1 0
1 0 0 0 0 1 0 0 0 0 1 0
1 0 0 0 0 1 0 0 0 0 1 0
1 0 0 0 0 1 0 0 0 0 1 0
1 0 0 0 0 1 0 0 0 0 1 0
1 0 0 0 0 1 0 0 0 0 1 0
1 0 0 0 0 1 0 0 0 0 1 0
1 0 0 0 0 1 0 0 0 0 1 0
1 0 0 0 0 1 0 0 0 0 1 0
1 0 0 0 0 1 0 0 0 0 1 0
1 0 0 0 0 1 0 0 0 0 1 0
1 0 0 0 0 1 0 0 0 0 1 0
1 0 0 0 0 1 0 0 0 0 1 0
1 0 0 0 0 1 0 0 0 0 1 0
1 0 0 0 0 1 0 0 0 0 1 0
1 0 0 0 0 1 0 0 0 0 1 0
1 0 0 0 0 1 0 0 0 0 1 0
1 0 0 0 0 1 0 0 0 0 1 0
1 0 0 0 0 1 0 0 0 0 1 0
1 0 0 0 0 1 0 0 0 0 1 0
1 0 0 0 0 1 0 0 0 0 1 0
1 0 0 0 0 1 0 0 0 0 1 0
1 0 0 0 0 1 0 0 0 0 1 0
1 0 0 0 0 1 0 0 0 0 1 0
1 0 0 0 0 1 0 0 0 0 1 0
1 0 0 0 0 1 0 0 0 0 1 0
1 0 0 0 0 1 0 0 0 0 1 0
1 0 0 0 0 1 0 0 0 0 1 0
1 0 0 0 0 1 0 0 0 0 1 0
1 0 0 0 0 1 0 0 0 0 1 0
1 0 0 0 0 1 0 0 0 0 1 0
1 0 0 0 0 1 0 0 0 0 1 0
1 0 0 0 0 1 0 0 0 0 1 0
1 0 0 0 0 1 0 0 0 0 1 0
1 0 0 0 0 1 0 0 0 0 1 0
1 0 0 0 0 1 0 0 0 0 1 0
1 0 0 0 0 1 0 0 0 0 1 0
1 0 0 0 0 1 0 0 0 0 1 0
1 0 0 0 0 1 0 0 0 0 1 0
1 0 0 0 0 1 0 0 0 0 1 0
1 0 0 0 0 1 0 0 0 0 1 0
1 0 0 0 0 1 0 0 0 0 1 0
1 0 0 0 0 1 0 0 0 0 1 0
1 0 0 0 0 1 0 0 0 0 1 0
1 0 0 0 0 1 0 0 0 0 1 0
1 0 0 0 0 1 0 0 0 0 1 0
1 0 0 0 0 1 0 0 0 0 1 0
1 0 0 0 0 1 0 0 0 0 1 0
1 0 0 0 0 1 0 0 0 0 1 0
1 0 0 0 0 1 0 0 0 0 1 0
1 0 0 0 0 1 0 0 0 0 1 0
1 0 0 0 0 1 0 0 0 0 1 0
1 0 0 0 0 1 0 0 0 0 1 0
1 0 0 0 0 1 0 0 0 0 1 0
1 0 0 0 0 1 0 0 0 0 1 0
1 0 0 0 0 1 0 0 0 0 1 0
1 0 0 0 0 1 0 0 0 0 1 0
1 0 0 0 0 1 0 0 0 0 1 0
1 0 0 0 0 1 0 0 0 0 1 0
1 0 0 0 0 1 0 0 0 0 1 0
1 0 0 0 0 1 0 0 0 0 1 0
1 0 0 0 0 1 0 0 0 0 1 0
1 0 0 0 0 1 0 0 0 0 1 0
1 0 0 0 0 1 0 0 0 0 1 0
1 0 0 0 0 1 0 0 0 0 1 0
1 0 0 0 0 1 0 0 0 0 1 0
1 0 0 0 0 1 0 0 0 0 1 0
1 0 0 0 0 1 0 0 0 0 1 0
1 0 0 0 0 1 0 0 0 0 1 0
1 0 0 0 0 1 0 0 0 0 1 0
1 0 0 0 0 1 0 0 0 0 1 0
1 0 0 0 0 1 0 0 0 0 1 0
1 0 0 0 0 1 0 0 0 0 1 0
1 0 0 0 0 1 0 0 0 0 1 0
1 0 0 0 0 1 0 0 0 0 1 0
1 0 0 0 0 1 0 0 0 0 1 0
1 0 0 0 0 1 0 0 0 0 1 0
1 0 0 0 0 1 0 0 0 0 1 0
1 0 0 0 0 1 0 0 0 0 1 0
1 0 0 0 0 1 0 0 0 0 1 0
1 0 0 0 0 1 0 0 0 0 1 0
1 0 0 0 0 1 0 0 0 0 1 0
1 0 0 0 0 1 0 0 0 0 1 0
1 0 0 0 0 1 0 0 0 0 1 0
1 0 0 0 0 1 0 0 0 0 1 0
1 0 0 0 0 1 0 0 0 0 1 0
1 0 0 0 0 1 0 0 0 0 1 0
1 0 0 0 0 1 0 0 0 0 1 0
1 0 0 0 0 1 0 0 0 0 1 0
1 0 0 0 0 1 0 0 0 0 1 0
1 0 0 0 0 1 0 0 0 0 1 0
1 0 0 0 0 1 0 0 0 0 1 0
1 0 0 0 0 1 0 0 0 0 1 0
1 0 0 0 0 1 0 0 0 0 1 0
1 0 0 0 0 1 0 0 0 0 1 0
1 0 0 0 0 1 0 0 0 0 1 0
1 0 0 0 0 1 0 0 0 0 1 0
1 0 0 0 0 1 0 0 0 0 1 0
1 0 0 0 0 1 0 0 0 0 1 0
1 0 0 0 0 1 0 0 0 0 1 0
1 0 0 0 0 1 0 0 0 0 1 0
1 0 0 0 0 1 0 0 0 0 1 0
1 0 0 0 0 1 0 0 0 0 1 0
1 0 0 0 0 1 0 0 0 0 1 0
1 0 0 0 0 1 0 0 0 0 1 0
1 0 0 0 0 1 0 0 0 0 1 0
1 0 0 0 0 1 0 0 0 0 1 0
1 0 0 0 0 1 0 0 0 0 1 0
1 0 0 0 0 1 0 0 0 0 1 0
1 0 0 0 0 1 0 0 0 0 1 0
1 0 0 0 0 1 0 0 0 0 1 0
1 0 0 0 0 1 0 0 0 0 1 0
1 0 0 0 0 1 0 0 0 0 1 0
1 0 0 0 0 1 0 0 0 0 1 0
1 0 0 0 0 1 0 0 0 0 1 0
1 0 0 0 0 1 0 0 0 0 1 0
1 0 0 0 0 1 0 0 0 0 1 0
1 0 0 0 0 1 0 0 0 0 1 0
1 0 0 0 0 1 0 0 0 0 1 0
1 0 0 0 0 1 0 0 0 0 1 0
1 0 0 0 0 1 0 0 0 0 1 0
1 0 0 0 0 1 0 0 0 0 1 0
1 0 0 0 0 1 0 0 0 0 1 0
1 0 0 0 0 1 0 0 0 0 1 0
1 0 0 0 0 1 0 0 0 0 1 0
1 0 0 0 0 1 0 0 0 0 1 0
1 0 0 0 0 1 0 0 0 0 1 0
1 0 0 0 0 1 0 0 0 0 1 0
1 0 0 0 0 1 0 0 0 0 1 0
1 0 0 0 0 1 0 0 0 0 1 0
1 0 0 0 0 1 0 0 0 0 1 0
1 0 0 0 0 1 0 0 0 0 1 0
1 0 0 0 0 1 0 0 0 0 1 0
1 0 0 0 0 1 0 0 0 0 1 0
1 0 0 0 0 1 0 0 0 0 1 0
1 0 0 0 0 1 0 0 0 0 1 0
1 0 0 0 0 1 0 0 0 0 1 0
1 0 0 0 0 1 0 0 0 0 1 0
1 0 0 0 0 1 0 0 0 0 1 0
1 0 0 0 0 1 0 0 0 0 1 0
1 0 0 0 0 1 0 0 0 0 1 0
1 0 0 0 0 1 0 0 0 0 1 0
1 0 0 0 0 1 0 0 0 0 1 0
1 0 0 0 0 1 0 0 0 0 1 0
1 0 0 0 0 1 0 0 0 0 1 0
1 0 0 0 0 1 0 0 0 0 1 0
1 0 0 0 0 1 0 0 0 0 1 0
1 0 0 0 0 1 0 0 0 0 1 0
1 0 0 0 0 1 0 0 0 0 1 0
1 0 0 0 0 1 0 0 0 0 1 0
1 0 0 0 0 1 0 0 0 0 1 0
1 0 0 0 0 1 0 0 0 0 1 0
1 0 0 0 0 1 0 0 0 0 1 0
1 0 0 0 0 1 0 0 0 0 1 0
1 0 0 0 0 1 0 0 0 0 1 0
1 0 0 0 0 1 0 0 0 0 1 0
1 0 0 0 0 1 0 0 0 0 1 0
1 0 0 0 0 1 0 0 0 0 1 0
1 0 0 0 0 1 0 0 0 0 1 0
1 0 0 0 0 1 0 0 0 0 1 0
1 0 0 0 0 1 0 0 0 0 1 0
1 0 0 0 0 1 0 0 0 0 1 0
1 0 0 0 0 1 0 0 0 0 1 0
1 0 0 0 0 1 0 0 0 0 1 0
1 0 0 0 0 1 0 0 0 0 1 0
1 0 0 0 0 1 0 0 0 0 1 0
1 0 0 0 0 1 0 0 0 0 1 0
1 0 0 0 0 1 0 0 0 0 1 0
1 0 0 0 0 1 0 0 0 0 1 0
1 0 0 0 0 1 0 0 0 0 1 0
1 0 0 0 0 1 0 0 0 0 1 0
1 0 0 0 0 1 0 0 0 0 1 0
1 0 0 0 0 1 0 0 0 0 1 0
1 0 0 0 0 1 0 0 0 0 1 0
1 0 0 0 0 1 0 0 0 0 1 0
1 0 0 0 0 1 0 0 0 0 1 0
1 0 0 0 0 1 0 0 0 0 1 0
1 0 0 0 0 1 0 0 0 0 1 0
1 0 0 0 0 1 0 0 0 0 1 0
1 0 0 0 0 1 0 0 0 0 1 0
1 0 0 0 0 1 0 0 0 0 1 0
1 0 0 0 0 1 0 0 0 0 1 0
1 0 0 0 0 1 0 0 0 0 1 0
1 0 0 0 0 1 0 0 0 0 1 0
1 0 0 0 0 1 0 0 0 0 1 0
1 0 0 0 0 1 0 0 0 0 1 0
1 0 0 0 0 1 0 0 0 0 1 0
1 0 0 0 0 1 0 0 0 0 1 0
1 0 0 0 0 1 0 0 0 0 1 0
1 0 0 0 0 1 0 0 0 0 1 0
1 0 0 0 0 1 0 0 0 0 1 0
1 0 0 0 0 1 0 0 0 0 1 0
1 0 0 0 0 1 0 0 0 0 1 0
1 0 0 0 0 1 0 0 0 0 1 0
1 0 0 0 0 1 0 0 0 0 1 0
1 0 0 0 0 1 0 0 0 0 1 0
1 0 0 0 0 1 0 0 0 0 1 0
1 0 0 0 0 1 0 0 0 0 1 0
1 0 0 0 0 1 0 0 0 0 1 0
1 0 0 0 0 1 0 0 0 0 1 0
1 0 0 0 0 1 0 0 0 0 1 0
1 0 0 0 0 1 0 0 0 0 1 0
1 0 0 0 0 1 0 0 0 0 1 0
1 0 0 0 0 1 0 0 0 0 1 0
1 0 0 0 0 1 0 0 0 0 1 0
1 0 0 0 0 1 0 0 0 0 1 0
1 0 0 0 0 1 0 0 0 0 1 0
1 0 0 0 0 1 0 0 0 0 1 0
1 0 0 0 0 1 0 0 0 0 1 0
1 0 0 0 0 1 0 0 0 0 1 0
1 0 0 0 0 1 0 0 0 0 1 0
1 0 0 0 0 1 0 0 0 0 1 0
1 0 0 0 0 1 0 0 0 0 1 0
1 0 0 0 0 1 0 0 0 0 1 0
1 0 0 0 0 1 0 0 0 0 1 0
1 0 0 0 0 1 0 0 0 0 1 0
1 0 0 0 0 1 0 0 0 0 1 0
1 0 0 0 0 1 0 0 0 0 1 0
1 0 0 0 0 1 0 0 0 0 1 0
1 0 0 0 0 1 0 0 0 0 1 0
1 0 0 0 0 1 0 0 0 0 1 0
1 0 0 0 0 1 0 0 0 0 1 0
1 0 0 0 0 1 0 0 0 0 1 0
1 0 0 0 0 1 0 0 0 0 1 0
1 0 0 0 0 1 0 0 0 0 1 0
1 0 0 0 0 1 0 0 0 0 1 0
1 0 0 0 0 1 0 0 0 0 1 0
1 0 0 0 0 1 0 0 0 0 1 0
1 0 0 0 0 1 0 0 0 0 1 0
1 0 0 0 0 1 0 0 0 0 1 0
1 0 0 0 0 1 0 0 0 0 1 0
1 0 0 0 0 1 0 0 0 0 1 0
1 0 0 0 0 1 0 0 0 0 1 0
1 0 0 0 0 1 0 0 0 0 1 0
1 0 0 0 0 1 0 0 0 0 1 0
1 0 0 0 0 1 0 0 0 0 1 0
1 0 0 0 0 1 0 0 0 0 1 0
1 0 0 0 0 1 0 0 0 0 1 0
1 0 0 0 0 1 0 0 0 0 1 0
1 0 0 0 0 1 0 0 0 0 1 0
1 0 0 0 0 1 0 0 0 0 1 0
1 0 0 0 0 1 0 0 0 0 1 0
1 0 0 0 0 1 0 0 0 0 1 0
1 0 0 0 0 1 0 0 0 0 1 0
1 0 0 0 0 1 0 0 0 0 1 0
1 0 0 0 0 1 0 0 0 0 1 0
1 0 0 0 0 1 0 0 0 0 1 0
1 0 0 0 0 1 0 0 0 0 1 0
1 0 0 0 0 1 0 0 0 0 1 0
1 0 0 0 0 1 0 0 0 0 1 0
1 0 0 0 0 1 0 0 0 0 1 0
1 0 0 0 0 1 0 0 0 0 1 0
1 0 0 0 0 1 0 0 0 0 1 0
1 0 0 0 0 1 0 0 0 0 1 0
1 0 0 0 0 1 0 0 0 0 1 0
1 0 0 0 0 1 0 0 0 0 1 0
1 0 0 0 0 1 0 0 0 0 1 0
1 0 0 0 0 1 0 0 0 0 1 0
1 0 0 0 0 1 0 0 0 0 1 0
1 0 0 0 0 1 0 0 0 0 1 0
1 0 0 0 0 1 0 0 0 0 1 0
1 0 0 0 0 1 0 0 0 0 1 0
1 0 0 0 0 1 0 0 0 0 1 0
1 0 0 0 0 1 0 0 0 0 1 0
1 0 0 0 0 1 0 0 0 0 1 0
1 0 0 0 0 1 0 0 0 0 1 0
1 0 0 0 0 1 0 0 0 0 1 0
1 0 0 0 0 1 0 0 0 0 1 0
1 0 0 0 0 1 0 0 0 0 1 0
1 0 0 0 0 1 0 0 0 0 1 0
1 0 0 0 0 1 0 0 0 0 1 0
1 0 0 0 0 1 0 0 0 0 1 0
1 0 0 0 0 1 0 0 0 0 1 0
1 0 0 0 0 1 0 0 0 0 1 0
1 0 0 0 0 1 0 0 0 0 1 0
1 0 0 0 0 1 0 0 0 0 1 0
1 0 0 0 0 1 0 0 0 0 1 0
1 0 0 0 0 1 0 0 0 0 1 0
1 0 0 0 0 1 0 0 0 0 1 0
1 0 0 0 0 1 0 0 0 0 1 0
1 0 0 0 0 1 0 0 0 0 1 0
1 0 0 0 0 1 0 0 0 0 1 0
1 0 0 0 0 1 0 0 0 0 1 0
1 0 0 0 0 1 0 0 0 0 1 0
1 0 0 0 0 1 0 0 0 0 1 0
1 0 0 0 0 1 0 0 0 0 1 0
1 0 0 0 0 1 0 0 0 0 1 0
1 0 0 0 0 1 0 0 0 0 1 0
1 0 0 0 0 1 0 0 0 0 1 0
1 0 0 0 0 1 0 0 0 0 1 0
1 0 0 0 0 1 0 0 0 0 1 0
1 0 0 0 0 1 0 0 0 0 1 0
1 0 0 0 0 1 0 0 0 0 1 0
1 0 0 0 0 1 0 0 0 0 1 0
1 0 0 0 0 1 0 0 0 0 1 0
1 0 0 0 0 1 0 0 0 0 1 0
1 0 0 0 0 1 0 0 0 0 1 0
1 0 0 0 0 1 0 0 0 0 1 0
1 0 0 0 0 1 0 0 0 0 1 0
1 0 0 0 0 1 0 0 0 0 1 0
1 0 0 0 0 1 0 0 0 0 1 0
1 0 0 0 0 1 0 0 0 0 1 0
1 0 0 0 0 1 0 0 0 0 1 0
1 0 0 0 0 1 0 0 0 0 1 0
1 0 0 0 0 1 0 0 0 0 1 0
1 0 0 0 0 1 0 0 0 0 1 0
1 0 0 0 0 1 0 0 0 0 1 0
1 0 0 0 0 1 0 0 0 0 1 0
1 0 0 0 0 1 0 0 0 0 1 0
1 0 0 0 0 1 0 0 0 0 1 0
1 0 0 0 0 1 0 0 0 0 1 0
1 0 0 0 0 1 0 0 0 0 1 0
1 0 0 0 0 1 0 0 0 0 1 0
1 0 0 0 0 1 0 0 0 0 1 0
1 0 0 0 0 1 0 0 0 0 1 0
1 0 0 0 0 1 0 0 0 0 1 0
1 0 0 0 0 1 0 0 0 0 1 0
1 0 0 0 0 1 0 0 0 0 1 0
1 0 0 0 0 1 0 0 0 0 1 0
1 0 0 0 0 1 0 0 0 0 1 0
1 0 0 0 0 1 0 0 0 0 1 0
1 0 0 0 0 1 0 0 0 0 1 0
1 0 0 0 0 1 0 0 0 0 1 0
1 0 0 0 0 1 0 0 0 0 1 0
1 0 0 0 0 1 0 0 0 0 1 0
1 0 0 0 0 1 0 0 0 0 1 0
1 0 0 0 0 1 0 0 0 0 1 0
1 0 0 0 0 1 0 0 0 0 1 0
1 0 0 0 0 1 0 0 0 0 1 0
1 0 0 0 0 1 0 0 0 0 1 0
1 0 0 0 0 1 0 0 0 0 1 0
1 0 0 0 0 1 0 0 0 0 1 0
1 0 0 0 0 1 0 0 0 0 1 0
1 0 0 0 0 1 0 0 0 0 1 0
1 0 0 0 0 1 0 0 0 0 1 0
1 0 0 0 0 1 0 0 0 0 1 0
1 0 0 0 0 1 0 0 0 0 1 0
1 0 0 0 0 1 0 0 0 0 1 0
1 0 0 0 0 1 0 0 0 0 1 0
1 0 0 0 0 1 0 0 0 0 1 0
1 0 0 0 0 1 0 0 0 0 1 0
1 0 0 0 0 1 0 0 0 0 1 0
1 0 0 0 0 1 0 0 0 0 1 0
1 0 0 0 0 1 0 0 0 0 1 0
1 0 0 0 0 1 0 0 0 0 1 0
1 0 0 0 0 1 0 0 0 0 1 0
1 0 0 0 0 1 0 0 0 0 1 0
1 0 0 0 0 1 0 0 0 0 1 0
1 0 0 0 0 1 0 0 0 0 1 0
1 0 0 0 0 1 0 0 0 0 1 0
1 0 0 0 0 1 0 0 0 0 1 0
1 0 0 0 0 1 0 0 0 0 1 0
1 0 0 0 0 1 0 0 0 0 1 0
1 0 0 0 0 1 0 0 0 0 1 0
1 0 0 0 0 1 0 0 0 0 1 0
1 0 0 0 0 1 0 0 0 0 1 0
1 0 0 0 0 1 0 0 0 0 1 0
1 0 0 0 0 1 0 0 0 0 1 0
1 0 0 0 0 1 0 0 0 0 1 0
1 0 0 0 0 1 0 0 0 0 1 0
1 0 0 0 0 1 0 0 0 0 1 0
1 0 0 0 0 1 0 0 0 0 1 0
1 0 0 0 0 1 0 0 0 0 1 0
1 0 0 0 0 1 0 0 0 0 1 0
1 0 0 0 0 1 0 0 0 0 1 0
1 0 0 0 0 1 0 0 0 0 1 0
1 0 0 0 0 1 0 0 0 0 1 0
1 0 0 0 0 1 0 0 0 0 1 0
1 0 0 0 0 1 0 0 0 0 1 0
1 0 0 0 0 1 0 0 0 0 1 0
1 0 0 0 0 1 0 0 0 0 1 0
1 0 0 0 0 1 0 0 0 0 1 0
1 0 0 0 0 1 0 0 0 0 1 0
1 0 0 0 0 1 0 0 0 0 1 0
1 0 0 0 0 1 0 0 0 0 1 0
1 0 0 0 0 1 0 0 0 0 1 0
1 0 0 0 0 1 0 0 0 0 1 0
1 0 0 0 0 1 0 0 0 0 1 0
1 0 0 0 0 1 0 0 0 0 1 0
1 0 0 0 0 1 0 0 0 0 1 0
1 0 0 0 0 1 0 0 0 0 1 0
1 0 0 0 0 1 0 0 0 0 1 0
1 0 0 0 0 1 0 0 0 0 1 0
1 0 0 0 0 1 0 0 0 0 1 0
1 0 0 0 0 1 0 0 0 0 1 0
1 0 0 0 0 1 0 0 0 0 1 0
1 0 0 0 0 1 0 0 0 0 1 0
1 0 0 0 0 1 0 0 0 0 1 0
1 0 0 0 0 1 0 0 0 0 1 0
1 0 0 0 0 1 0 0 0 0 1 0
1 0 0 0 0 1 0 0 0 0 1 0
1 0 0 0 0 1 0 0 0 0 1 0
1 0 0 0 0 1 0 0 0 0 1 0
1 0 0 0 0 1 0 0 0 0 1 0
1 0 0 0 0 1 0 0 0 0 1 0
1 0 0 0 0 1 0 0 0 0 1 0
1 0 0 0 0 1 0 0 0 0 1 0
1 0 0 0 0 1 0 0 0 0 1 0
1 0 0 0 0 1 0 0 0 0 1 0
1 0 0 0 0 1 0 0 0 0 1 0
1 0 0 0 0 1 0 0 0 0 1 0
1 0 0 0 0 1 0 0 0 0 1 0
1 0 0 0 0 1 0 0 0 0 1 0
1 0 0 0 0 1 0 0 0 0 1 0
1 0 0 0 0 1 0 0 0 0 1 0
1 0 0 0 0 1 0 0 0 0 1 0
1 0 0 0 0 1 0 0 0 0 1 0
1 0 0 0 0 1 0 0 0 0 1 0
1 0 0 0 0 1 0 0 0 0 1 0
1 0 0 0 0 1 0 0 0 0 1 0
1 0 0 0 0 1 0 0 0 0 1 0
1 0 0 0 0 1 0 0 0 0 1 0
1 0 0 0 0 1 0 0 0 0 1 0
1 0 0 0 0 1 0 0 0 0 1 0
1 0 0 0 0 1 0 0 0 0 1 0
1 0 0 0 0 1 0 0 0 0 1 0
1 0 0 0 0 1 0 0 0 0 1 0
1 0 0 0 0 1 0 0 0 0 1 0
1 0 0 0 0 1 0 0 0 0 1 0
1 0 0 0 0 1 0 0 0 0 1 0
1 0 0 0 0 1 0 0 0 0 1 0
1 0 0 0 0 1 0 0 0 0 1 0
1 0 0 0 0 1 0 0 0 0 1 0
1 0 0 0 0 1 0 0 0 0 1 0
1 0 0 0 0 1 0 0 0 0 1 0
1 0 0 0 0 1 0 0 0 0 1 0
1 0 0 0 0 1 0 0 0 0 1 0
1 0 0 0 0 1 0 0 0 0 1 0
1 0 0 0 0 1 0 0 0 0 1 0
1 0 0 0 0 1 0 0 0 0 1 0
1 0 0 0 0 1 0 0 0 0 1 0
1 0 0 0 0 1 0 0 0 0 1 0
1 0 0 0 0 1 0 0 0 0 1 0
1 0 0 0 0 1 0 0 0 0 1 0
1 0 0 0 0 1 0 0 0 0 1 0
1 0 0 0 0 1 0 0 0 0 1 0
1 0 0 0 0 1 0 0 0 0 1 0
1 0 0 0 0 1 0 0 0 0 1 0
1 0 0 0 0 1 0 0 0 0 1 0
1 0 0 0 0 1 0 0 0 0 1 0
1 0 0 0 0 1 0 0 0 0 1 0
1 0 0 0 0 1 0 0 0 0 1 0
1 0 0 0 0 1 0 0 0 0 1 0
1 0 0 0 0 1 0 0 0 0 1 0
1 0 0 0 0 1 0 0 0 0 1 0
1 0 0 0 0 1 0 0 0 0 1 0
1 0 0 0 0 1 0 0 0 0 1 0
1 0 0 0 0 1 0 0 0 0 1 0
1 0 0 0 0 1 0 0 0 0 1 0
1 0 0 0 0 1 0 0 0 0 1 0
1 0 0 0 0 1 0 0 0 0 1 0
1 0 0 0 0 1 0 0 0 0 1 0
1 0 0 0 0 1 0 0 0 0 1 0
1 0 0 0 0 1 0 0 0 0 1 0
1 0 0 0 0 1 0 0 0 0 1 0
1 0 0 0 0 1 0 0 0 0 1 0
1 0 0 0 0 1 0 0 0 0 1 0
1 0 0 0 0 1 0 0 0 0 1 0
1 0 0 0 0 1 0 0 0 0 1 0
1 0 0 0 0 1 0 0 0 0 1 0
1 0 0 0 0 1 0 0 0 0 1 0
1 0 0 0 0 1 0 0 0 0 1 0
1 0 0 0 0 1 0 0 0 0 1 0
1 0 0 0 0 1 0 0 0 0 1 0
1 0 0 0 0 1 0 0 0 0 1 0
1 0 0 0 0 1 0 0 0 0 1 0
1 0 0 0 0 1 0 0 0 0 1 0
1 0 0 0 0 1 0 0 0 0 1 0
1 0 0 0 0 1 0 0 0 0 1 0
1 0 0 0 0 1 0 0 0 0 1 0
1 0 0 0 0 1 0 0 0 0 1 0
1 0 0 0 0 1 0 0 0 0 1 0
1 0 0 0 0 1 0 0 0 0 1 0
1 0 0 0 0 1 0 0 0 0 1 0
1 0 0 0 0 1 0 0 0 0 1 0
1 0 0 0 0 1 0 0 0 0 1 0
1 0 0 0 0 1 0 0 0 0 1 0
1 0 0 0 0 1 0 0 0 0 1 0
1 0 0 0 0 1 0 0 0 0 1 0
1 0 0 0 0 1 0 0 0 0 1 0
1 0 0 0 0 1 0 0 0 0 1 0
1 0 0 0 0 1 0 0 0 0 1 0
1 0 0 0 0 1 0 0 0 0 1 0
1 0 0 0 0 1 0 0 0 0 1 0
1 0 0 0 0 1 0 0 0 0 1 0
1 0 0 0 0 1 0 0 0 0 1 0
1 0 0 0 0 1 0 0 0 0 1 0
1 0 0 0 0 1 0 0 0 0 1 0
1 0 0 0 0 1 0 0 0 0 1 0
1 0 0 0 0 1 0 0 0 0 1 0
1 0 0 0 0 1 0 0 0 0 1 0
1 0 0 0 0 1 0 0 0 0 1 0
1 0 0 0 0 1 0 0 0 0 1 0
1 0 0 0 0 1 0 0 0 0 1 0
1 0 0 0 0 1 0 0 0 0 1 0
1 0 0 0 0 1 0 0 0 0 1 0
1 0 0 0 0 1 0 0 0 0 1 0
1 0 0 0 0 1 0 0 0 0 1 0
1 0 0 0 0 1 0 0 0 0 1 0
1 0 0 0 0 1 0 0 0 0 1 0
1 0 0 0 0 1 0 0 0 0 1 0
1 0 0 0 0 1 0 0 0 0 1 0
1 0 0 0 0 1 0 0 0 0 1 0
1 0 0 0 0 1 0 0 0 0 1 0
1 0 0 0 0 1 0 0 0 0 1 0
1 0 0 0 0 1 0 0 0 0 1 0
1 0 0 0 0 1 0 0 0 0 1 0
1 0 0 0 0 1 0 0 0 0 1 0
1 0 0 0 0 1 0 0 0 0 1 0
1 0 0 0 0 1 0 0 0 0 1 0
1 0 0 0 0 1 0 0 0 0 1 0
1 0 0 0 0 1 0 0 0 0 1 0
1 0 0 0 0 1 0 0 0 0 1 0
1 0 0 0 0 1 0 0 0 0 1 0
1 0 0 0 0 1 0 0 0 0 1 0
1 0 0 0 0 1 0 0 0 0 1 0
1 0 0 0 0 1 0 0 0 0 1 0
1 0 0 0 0 1 0 0 0 0 1 0
1 0 0 0 0 1 0 0 0 0 1 0
1 0 0 0 0 1 0 0 0 0 1 0
1 0 0 0 0 1 0 0 0 0 1 0
1 0 0 0 0 1 0 0 0 0 1 0
1 0 0 0 0 1 0 0 0 0 1 0
1 0 0 0 0 1 0 0 0 0 1 0
1 0 0 0 0 1 0 0 0 0 1 0
1 0 0 0 0 1 0 0 0 0 1 0
1 0 0 0 0 1 0 0 0 0 1 0
1 0 0 0 0 1 0 0 0 0 1 0
1 0 0 0 0 1 0 0 0 0 1 0
1 0 0 0 0 1 0 0 0 0 1 0
1 0 0 0 0 1 0 0 0 0 1 0
1 0 0 0 0 1 0 0 0 0 1 0
1 0 0 0 0 1 0 0 0 0 1 0
1 0 0 0 0 1 0 0 0 0 1 0
1 0 0 0 0 1 0 0 0 0 1 0
1 0 0 0 0 1 0 0 0 0 1 0
1 0 0 0 0 1 0 0 0 0 1 0
1 0 0 0 0 1 0 0 0 0 1 0
1 0 0 0 0 1 0 0 0 0 1 0
1 0 0 0 0 1 0 0 0 0 1 0
1 0 0 0 0 1 0 0 0 0 1 0
1 0 0 0 0 1 0 0 0 0 1 0
1 0 0 0 0 1 0 0 0 0 1 0
1 0 0 0 0 1 0 0 0 0 1 0
1 0 0 0 0 1 0 0 0 0 1 0
1 0 0 0 0 1 0 0 0 0 1 0
1 0 0 0 0 1 0 0 0 0 1 0
1 0 0 0 0 1 0 0 0 0 1 0
1 0 0 0 0 1 0 0 0 0 1 0
1 0 0 0 0 1 0 0 0 0 1 0
1 0 0 0 0 1 0 0 0 0 1 0
1 0 0 0 0 1 0 0 0 0 1 0
1 0 0 0 0 1 0 0 0 0 1 0
1 0 0 0 0 1 0 0 0 0 1 0
1 0 0 0 0 1 0 0 0 0 1 0
1 0 0 0 0 1 0 0 0 0 1 0
1 0 0 0 0 1 0 0 0 0 1 0
1 0 0 0 0 1 0 0 0 0 1 0
1 0 0 0 0 1 0 0 0 0 1 0
1 0 0 0 0 1 0 0 0 0 1 0
1 0 0 0 0 1 0 0 0 0 1 0
1 0 0 0 0 1 0 0 0 0 1 0
1 0 0 0 0 1 0 0 0 0 1 0
1 0 0 0 0 1 0 0 0 0 1 0
1 0 0 0 0 1 0 0 0 0 1 0
1 0 0 0 0 1 0 0 0 0 1 0
1 0 0 0 0 1 0 0 0 0 1 0
1 0 0 0 0 1 0 0 0 0 1 0
1 0 0 0 0 1 0 0 0 0 1 0
1 0 0 0 0 1 0 0 0 0 1 0
1 0 0 0 0 1 0 0 0 0 1 0
1 0 0 0 0 1 0 0 0 0 1 0
1 0 0 0 0 1 0 0 0 0 1 0
1 0 0 0 0 1 0 0 0 0 1 0
1 0 0 0 0 1 0 0 0 0 1 0
1 0 0 0 0 1 0 0 0 0 1 0
1 0 0 0 0 1 0 0 0 0 1 0
1 0 0 0 0 1 0 0 0 0 1 0
1 0 0 0 0 1 0 0 0 0 1 0
1 0 0 0 0 1 0 0 0 0 1 0
1 0 0 0 0 1 0 0 0 0 1 0
1 0 0 0 0 1 0 0 0 0 1 0
1 0 0 0 0 1 0 0 0 0 1 0
1 0 0 0 0 1 0 0 0 0 1 0
1 0 0 0 0 1 0 0 0 0 1 0
1 0 0 0 0 1 0 0 0 0 1 0
1 0 0 0 0 1 0 0 0 0 1 0
1 0 0 0 0 1 0 0 0 0 1 0
1 0 0 0 0 1 0 0 0 0 1 0
1 0 0 0 0 1 0 0 0 0 1 0
1 0 0 0 0 1 0 0 0 0 1 0
1 0 0 0 0 1 0 0 0 0 1 0
1 0 0 0 0 1 0 0 0 0 1 0
1 0 0 0 0 1 0 0 0 0 1 0
1 0 0 0 0 1 0 0 0 0 1 0
1 0 0 0 0 1 0 0 0 0 1 0
1 0 0 0 0 1 0 0 0 0 1 0
1 0 0 0 0 1 0 0 0 0 1 0
1 0 0 0 0 1 0 0 0 0 1 0
1 0 0 0 0 1 0 0 0 0 1 0
1 0 0 0 0 1 0 0 0 0 1 0
1 0 0 0 0 1 0 0 0 0 1 0
1 0 0 0 0 1 0 0 0 0 1 0
1 0 0 0 0 1 0 0 0 0 1 0
1 0 0 0 0 1 0 0 0 0 1 0
1 0 0 0 0 1 0 0 0 0 1 0
1 0 0 0 0 1 0 0 0 0 1 0
1 0 0 0 0 1 0 0 0 0 1 0
1 0 0 0 0 1 0 0 0 0 1 0
1 0 0 0 0 1 0 0 0 0 1 0
1 0 0 0 0 1 0 0 0 0 1 0
1 0 0 0 0 1 0 0 0 0 1 0
1 0 0 0 0 1 0 0 0 0 1 0
1 0 0 0 0 1 0 0 0 0 1 0
1 0 0 0 0 1 0 0 0 0 1 0
1 0 0 0 0 1 0 0 0 0 1 0
1 0 0 0 0 1 0 0 0 0 1 0
1 0 0 0 0 1 0 0 0 0 1 0
1 0 0 0 0 1 0 0 0 0 1 0
1 0 0 0 0 1 0 0 0 0 1 0
1 0 0 0 0 1 0 0 0 0 1 0
1 0 0 0 0 1 0 0 0 0 1 0
1 0 0 0 0 1 0 0 0 0 1 0
1 0 0 0 0 1 0 0 0 0 1 0
1 0 0 0 0 1 0 0 0 0 1 0
1 0 0 0 0 1 0 0 0 0 1 0
1 0 0 0 0 1 0 0 0 0 1 0
1 0 0 0 0 1 0 0 0 0 1 0
1 0 0 0 0 1 0 0 0 0 1 0
1 0 0 0 0 1 0 0 0 0 1 0
1 0 0 0 0 1 0 0 0 0 1 0
1 0 0 0 0 1 0 0 0 0 1 0
1 0 0 0 0 1 0 0 0 0 1 0
1 0 0 0 0 1 0 0 0 0 1 0
1 0 0 0 0 1 0 0 0 0 1 0
1 0 0 0 0 1 0 0 0 0 1 0
1 0 0 0 0 1 0 0 0 0 1 0
1 0 0 0 0 1 0 0 0 0 1 0
1 0 0 0 0 1 0 0 0 0 1 0
1 0 0 0 0 1 0 0 0 0 1 0
1 0 0 0 0 1 0 0 0 0 1 0
1 0 0 0 0 1 0 0 0 0 1 0
1 0 0 0 0 1 0 0 0 0 1 0
1 0 0 0 0 1 0 0 0 0 1 0
1 0 0 0 0 1 0 0 0 0 1 0
1 0 0 0 0 1 0 0 0 0 1 0
1 0 0 0 0 1 0 0 0 0 1 0
1 0 0 0 0 1 0 0 0 0 1 0
1 0 0 0 0 1 0 0 0 0 1 0
1 0 0 0 0 1 0 0 0 0 1 0
1 0 0 0 0 1 0 0 0 0 1 0
1 0 0 0 0 1 0 0 0 0 1 0
1 0 0 0 0 1 0 0 0 0 1 0
1 0 0 0 0 1 0 0 0 0 1 0
1 0 0 0 0 1 0 0 0 0 1 0
1 0 0 0 0 1 0 0 0 0 1 0
1 0 0 0 0 1 0 0 0 0 1 0
1 0 0 0 0 1 0 0 0 0 1 0
1 0 0 0 0 1 0 0 0 0 1 0
1 0 0 0 0 1 0 0 0 0 1 0
1 0 0 0 0 1 0 0 0 0 1 0
1 0 0 0 0 1 0 0 0 0 1 0
1 0 0 0 0 1 0 0 0 0 1 0
1 0 0 0 0 1 0 0 0 0 1 0
1 0 0 0 0 1 0 0 0 0 1 0
1 0 0 0 0 1 0 0 0 0 1 0
1 0 0 0 0 1 0 0 0 0 1 0
1 0 0 0 0 1 0 0 0 0 1 0
1 0 0 0 0 1 0 0 0 0 1 0
1 0 0 0 0 1 0 0 0 0 1 0
1 0 0 0 0 1 0 0 0 0 1 0
1 0 0 0 0 1 0 0 0 0 1 0
1 0 0 0 0 1 0 0 0 0 1 0
1 0 0 0 0 1 0 0 0 0 1 0
1 0 0 0 0 1 0 0 0 0 1 0
1 0 0 0 0 1 0 0 0 0 1 0
1 0 0 0 0 1 0 0 0 0 1 0
1 0 0 0 0 1 0 0 0 0 1 0
1 0 0 0 0 1 0 0 0 0 1 0
1 0 0 0 0 1 0 0 0 0 1 0
1 0 0 0 0 1 0 0 0 0 1 0
1 0 0 0 0 1 0 0 0 0 1 0
1 0 0 0 0 1 0 0 0 0 1 0
1 0 0 0 0 1 0 0 0 0 1 0
1 0 0 0 0 1 0 0 0 0 1 0
1 0 0 0 0 1 0 0 0 0 1 0
1 0 0 0 0 1 0 0 0 0 1 0
1 0 0 0 0 1 0 0 0 0 1 0
1 0 0 0 0 1 0 0 0 0 1 0
1 0 0 0 0 1 0 0 0 0 1 0
1 0 0 0 0 1 0 0 0 0 1 0
1 0 0 0 0 1 0 0 0 0 1 0
1 0 0 0 0 1 0 0 0 0 1 0
1 0 0 0 0 1 0 0 0 0 1 0
1 0 0 0 0 1 0 0 0 0 1 0
1 0 0 0 0 1 0 0 0 0 1 0
1 0 0 0 0 1 0 0 0 0 1 0
1 0 0 0 0 1 0 0 0 0 1 0
1 0 0 0 0 1 0 0 0 0 1 0
1 0 0 0 0 1 0 0 0 0 1 0
1 0 0 0 0 1 0 0 0 0 1 0
1 0 0 0 0 1 0 0 0 0 1 0
1 0 0 0 0 1 0 0 0 0 1 0
1 0 0 0 0 1 0 0 0 0 1 0
1 0 0 0 0 1 0 0 0 0 1 0
1 0 0 0 0 1 0 0 0 0 1 0
1 0 0 0 0 1 0 0 0 0 1 0
1 0 0 0 0 1 0 0 0 0 1 0
1 0 0 0 0 1 0 0 0 0 1 0
1 0 0 0 0 1 0 0 0 0 1 0
1 0 0 0 0 1 0 0 0 0 1 0
1 0 0 0 0 1 0 0 0 0 1 0
1 0 0 0 0 1 0 0 0 0 1 0
1 0 0 0 0 1 0 0 0 0 1 0
1 0 0 0 0 1 0 0 0 0 1 0
1 0 0 0 0 1 0 0 0 0 1 0
1 0 0 0 0 1 0 0 0 0 1 0
1 0 0 0 0 1 0 0 0 0 1 0
1 0 0 0 0 1 0 0 0 0 1 0
1 0 0 0 0 1 0 0 0 0 1 0
1 0 0 0 0 1 0 0 0 0 1 0
1 0 0 0 0 1 0 0 0 0 1 0
1 0 0 0 0 1 0 0 0 0 1 0
1 0 0 0 0 1 0 0 0 0 1 0
1 0 0 0 0 1 0 0 0 0 1 0
1 0 0 0 0 1 0 0 0 0 1 0
1 0.000405089 4.45959e-05 0.00560343 -0.000404983 0.999997 -0.00234909 0.0102475 -4.55473e-05 0.00234908 0.999997 0.00256023
1 0.000810282 8.824e-05 0.0112111 -0.000809858 0.999989 -0.00469819 0.0204867 -9.20459e-05 0.00469812 0.999989 0.00514427
1 0.000935827 0.000137568 0.0135134 -0.000935171 0.999989 -0.00469811 0.0185898 -0.000141963 0.00469798 0.999989 0.00552157
0.999999 0.00106137 0.000186895 0.0158154 -0.00106048 0.999988 -0.00469804 0.0166925 -0.000191879 0.00469784 0.999989 0.00589876
0.999999 0.00118692 0.000236223 0.0181172 -0.0011858 0.999988 -0.00469797 0.014795 -0.000241796 0.00469769 0.999989 0.00627583
0.999999 0.00131246 0.00028555 0.0204188 -0.00131111 0.999988 -0.00469791 0.0128971 -0.000291713 0.00469753 0.999989 0.00665279
0.999999 0.00143801 0.000334878 0.0227202 -0.00143642 0.999988 -0.00469786 0.010999 -0.00034163 0.00469737 0.999989 0.00702963
0.999999 0.00156356 0.000384206 0.0250214 -0.00156173 0.999988 -0.00469781 0.00910062 -0.000391546 0.0046972 0.999989 0.00740636
1 0.000729189 6.52962e-05 0.0138063 -0.000728961 0.999994 -0.00341283 0.00593389 -6.77844e-05 0.00341278 0.999994 0.00506426
1 -0.000104769 -0.000254685 0.00259471 0.000104227 0.999998 -0.00212812 0.00275481 0.000254908 0.00212809 0.999998 0.00272261
0.999999 -0.000938315 -0.000575737 -0.00861352 0.000937829 0.999999 -0.000843666 -0.000436609 0.000576529 0.000843126 0.999999 0.000381446
1 -0.000908716 -0.000221156 -0.0108103 0.000908738 1 9.89413e-05 0.00493478 0.000221066 -9.91422e-05 1 -0.00149075
1 -0.000879451 0.000133452 -0.0130076 0.000879311 0.999999 0.00104154 0.0103045 -0.000134368 -0.00104142 0.999999 -0.00336723
1 -0.00085052 0.000488088 -0.0152055 0.00084955 0.999998 0.00198412 0.0156724 -0.000489775 -0.00198371 0.999998 -0.005248
1 3.42988e-05 0.000168861 -0.00968209 -3.45598e-05 0.999999 0.00154625 0.0127075 -0.000168807 -0.00154626 0.999999 -0.00536751
1 0.000918977 -0.000150755 -0.0041613 -0.00091881 0.999999 0.00110866 0.00973781 0.000151773 -0.00110852 0.999999 -0.00548655
0.999998 0.00180352 -0.000470757 0.0013569 -0.0018032 0.999998 0.000671354 0.00676326 0.000471967 -0.000670504 1 -0.00560512
0.999996 0.00268791 -0.000791145 0.0068725 -0.00268773 0.999996 0.000234329 0.00378388 0.000791772 -0.000232202 1 -0.00572323
0.999998 0.00219293 -4.12444e-05 0.00778345 -0.00219298 0.999997 -0.00124129 0.0100681 3.85222e-05 0.00124138 0.999999 0.000104544
1 0.000894512 0.000201501 0.00240229 -0.000894013 0.999997 -0.00246359 0.00841714 -0.000203704 0.00246341 0.999997 0.00365655
1 -0.000403608 0.000445833 -0.00297586 0.000405248 0.999993 -0.00368556 0.00675484 -0.000444343 0.00368575 0.999993 0.00720783
0.999998 -0.00170143 0.000691752 -0.00835099 0.0017048 0.999987 -0.00490722 0.00508121 -0.000683393 0.00490839 0.999988 0.0107584
0.999998 -0.00195154 0.000204453 -0.00634635 0.00195225 0.999992 -0.0034954 0.00115942 -0.00019763 0.0034958 0.999994 0.00593824
0.999998 -0.00220097 -0.000283199 -0.00433837 0.00220038 0.999995 -0.00208371 -0.00276868 0.000287784 0.00208308 0.999998 0.00112465
0.999998 -0.00221587 -0.000179947 0.00421139 0.00221584 0.999998 -0.00015653 0.0010493 0.000180294 0.000156131 1 -0.000268586
0.999997 -0.00223097 -7.67253e-05 0.0127609 0.0022311 0.999996 0.00177065 0.00486473 7.27747e-05 -0.00177082 0.999998 -0.00167006
0.999997 -0.00224626 2.64677e-05 0.0213103 0.00224615 0.999991 0.00369782 0.00867757 -3.47737e-05 -0.00369775 0.999993 -0.00307976
0.999999 -0.00144795 -9.25484e-05 0.0184395 0.00144826 0.999993 0.00343146 0.00764074 8.75792e-05 -0.00343159 0.999994 -0.00131573
1 -0.000649662 -0.000211777 0.0155677 0.000650329 0.999995 0.0031652 0.00660573 0.00020972 -0.00316534 0.999995 0.000447676
1 0.000148591 -0.000331218 0.0126949 -0.000147631 0.999996 0.00289903 0.00557255 0.000331648 -0.00289898 0.999996 0.00221045
0.999999 0.000946813 -0.000450872 0.00982096 -0.000945623 0.999996 0.00263296 0.00454119 0.000453363 -0.00263253 0.999996 0.00397261
0.999998 0.001745 -0.000570738 0.00694603 -0.00174365 0.999996 0.00236698 0.00351165 0.000574866 -0.00236598 0.999997 0.00573414
0.999997 0.00254316 -0.000690816 0.00407006 -0.0025417 0.999995 0.0021011 0.00248394 0.000696156 -0.00209933 0.999998 0.00749504
0.999994 0.00334128 -0.000811107 0.00119306 -0.00333979 0.999993 0.00183531 0.00145805 0.000817233 -0.00183259 0.999998 0.00925532
0.999991 0.00413937 -0.00093161 -0.00168497 -0.0041379 0.99999 0.00156962 0.000433996 0.000938098 -0.00156575 0.999998 0.011015
0.999987 0.00493742 -0.00105232 -0.00456403 -0.00493605 0.999987 0.00130403 -0.000588236 0.00105875 -0.00129881 0.999999 0.012774
0.999983 0.00573544 -0.00117325 -0.00744412 -0.00573422 0.999983 0.00103853 -0.00160864 0.00117919 -0.00103178 0.999999 0.0145324
0.999994 0.0033092 -0.000470516 -0.0110608 -0.00330845 0.999993 0.00158669 0.00219102 0.000475763 -0.00158512 0.999999 0.00633346
1 0.000882542 0.000230887 -0.0146925 -0.000883033 0.999997 0.00213655 0.00597737 -0.000229001 -0.00213676 0.999998 -0.00186503
0.999998 -0.0015445 0.000930953 -0.0183392 0.001542 0.999995 0.00268812 0.00975039 -0.000935101 -0.00268668 0.999996 -0.010063
0.999997 -0.00239568 0.000292928 -0.00903947 0.00239505 0.999995 0.002131 0.00334182 -0.000298032 -0.00213029 0.999998 -0.00608287
0.999995 -0.00324721 -0.000344623 0.000263173 0.00324774 0.999994 0.00157334 -0.00306103 0.000339511 -0.00157445 0.999999 -0.00210036
0.999991 -0.00409909 -0.000981698 0.00956873 0.00410008 0.999991 0.00101513 -0.00945817 0.000977528 -0.00101914 0.999999 0.00188451
0.999996 -0.00279696 -0.00034135 0.0186974 0.00279659 0.999996 -0.0010795 -0.00325745 0.000344368 0.00107854 0.999999 -0.000620233
0.999999 -0.00149349 0.000296269 0.0278326 0.00149442 0.999994 -0.00317496 0.00293663 -0.000291525 0.0031754 0.999995 -0.00311783
1 -0.000307239 0.000133842 0.0267714 0.00030765 0.999995 -0.00308032 0.00551405 -0.000132895 0.00308036 0.999995 -0.00417261
1 0.000124117 6.30341e-05 0.0157256 -0.000123989 0.999998 -0.00202628 0.00450726 -6.32854e-05 0.00202627 0.999998 -0.0029593
1 0.000555548 -7.31964e-06 0.00467927 -0.000555555 0.999999 -0.000972201 0.00350652 6.77953e-06 0.000972205 1 -0.0017457
1 0.000987052 -7.72186e-05 -0.00636757 -0.000987046 1 8.19081e-05 0.00251182 7.72994e-05 -8.18319e-05 1 -0.000531826
0.999999 0.00141863 -0.000146663 -0.0174149 -0.00141846 0.999998 0.00113605 0.00152316 0.000148274 -0.00113584 0.999999 0.000682327
0.999998 0.00185028 -0.000215652 -0.0284628 -0.00184981 0.999996 0.00219021 0.00054056 0.000219703 -0.00218981 0.999998 0.00189675
0.999999 0.00104001 -0.000175097 -0.0286422 -0.00103969 0.999998 0.00178532 -0.000619359 0.000176954 -0.00178514 0.999998 -0.0027401
1 0.00024966 3.62014e-05 -0.0179883 -0.00024971 0.999999 0.00139128 -0.000252776 -3.58541e-05 -0.00139129 0.999999 -0.0074331
1 -0.000540604 0.000247812 -0.00733562 0.000540357 0.999999 0.000997412 0.000124072 -0.000248351 -0.000997278 0.999999 -0.0121282
0.999999 -0.00133078 0.000459733 0.00331571 0.00133051 0.999999 0.000603708 0.000511186 -0.000460536 -0.000603096 1 -0.0168255
0.999997 -0.00212088 0.000671966 0.0139657 0.00212074 0.999998 0.000210171 0.000908565 -0.00067241 -0.000208746 1 -0.0215248
0.999998 -0.00197398 0.000194988 0.0150732 0.00197402 0.999998 -0.00020469 0.00284376 -0.000194584 0.000205075 1 -0.0147928
0.999998 -0.00182728 -0.00028205 0.0161777 0.00182711 0.999998 -0.000619481 0.00477601 0.000283181 0.000618965 1 -0.00805948
0.999998 -0.00168078 -0.000759149 0.0172792 0.00167999 0.999998 -0.0010342 0.0067053 0.000760886 0.00103293 0.999999 -0.00132484
0.999998 -0.00153447 -0.00123631 0.0183779 0.00153268 0.999998 -0.00144885 0.00863163 0.00123853 0.00144696 0.999998 0.00541113
0.999998 -0.00138836 -0.00171353 0.0194736 0.00138517 0.999997 -0.00186343 0.010555 0.00171611 0.00186106 0.999997 0.0121484
0.999999 -0.00120682 -0.000397464 0.0188584 0.00120673 0.999999 -0.000221946 0.00836729 0.000397732 0.000221466 1 0.00779173
0.999999 -0.00102744 0.000918898 0.018237 0.00102613 0.999998 0.00141931 0.00617254 -0.000920355 -0.00141836 0.999999 0.00343945
0.999997 -0.000850211 0.00223555 0.0176095 0.000843368 0.999995 0.00306032 0.00397076 -0.00223814 -0.00305842 0.999993 -0.000908404
0.999993 -0.000675146 0.00355249 0.0169759 0.000658442 0.999989 0.00470108 0.00176196 -0.00355562 -0.0046987 0.999983 -0.00525181
0.999999 -0.000585167 0.000877415 0.00850206 0.000583055 0.999997 0.0024057 0.00267503 -0.00087882 -0.00240518 0.999997 -0.00360747
0.999998 -0.000501325 -0.00179787 2.39136e-05 0.000501524 1 0.000110513 0.00358502 0.00179781 -0.000111414 0.999998 -0.00198372
0.99999 -0.000423619 -0.00447332 -0.00845848 0.00041385 0.999998 -0.00218444 0.004492 0.00447423 0.00218257 0.999988 -0.000380565
0.999974 -0.000352051 -0.00714891 -0.0169451 0.000320035 0.99999 -0.00447915 0.005396 0.00715042 0.00447675 0.999964 0.00120197
0.999999 -0.000184204 -0.0012946 -0.0114806 0.000182502 0.999999 -0.0013146 0.00454586 0.00129484 0.00131437 0.999998 0.00258949
0.99999 -3.48741e-05 0.00456026 -0.00600814 2.6442e-05 0.999998 0.0018491 0.00369924 -0.00456032 -0.00184896 0.999988 0.00394768
0.999946 9.59317e-05 0.0104154 -0.000527994 -0.000148139 0.999987 0.00501181 0.00285604 -0.0104148 -0.00501308 0.999933 0.00527648
1 0.000196883 0.000813423 0.00130415 -0.000199967 0.999993 0.00379205 0.0067851 -0.00081267 -0.00379221 0.999992 0.00267655
0.999961 0.000286108 -0.00878876 0.00316139 -0.000263505 0.999997 0.00257284 0.0107172 0.00878946 -0.00257043 0.999958 9.91167e-05
0.999831 0.000363596 -0.0183902 0.0050435 -0.000338747 0.999999 0.0013543 0.0146523 0.0183907 -0.00134784 0.99983 -0.00245556
0.999846 0.000601977 -0.0175392 0.00645311 -0.000580797 0.999999 0.00121263 0.0113901 0.0175399 -0.00120226 0.999845 -0.00382803
0.999996 0.00039183 -0.00295637 0.00848636 -0.000385793 0.999998 0.00204225 0.00978307 0.00295716 -0.0020411 0.999994 -0.0130614
0.999998 0.000291499 0.00197701 0.00683089 -0.000291492 1 -4.00936e-06 0.000455048 -0.00197702 3.43307e-06 0.999998 -0.00730109
0.999976 0.000201256 0.00691054 0.0052047 -0.000187095 0.999998 -0.00204977 -0.0088849 -0.00691094 0.00204843 0.999974 -0.00155181
0.999998 -0.000136782 0.00198042 0.00106969 0.000139965 0.999999 -0.00160725 -0.00660801 -0.0019802 0.00160753 0.999997 -0.000515774
0.999996 -0.000472641 -0.00294989 -0.00307112 0.000469202 0.999999 -0.00116635 -0.00433202 0.00295044 0.00116496 0.999995 0.000498857
0.999969 -0.000806315 -0.00788028 -0.00721763 0.00080061 0.999999 -0.000727079 -0.00205696 0.00788086 0.000720747 0.999969 0.00149205
0.999998 -0.000982867 -0.00145381 -0.00397814 0.000982812 1 -3.86583e-05 0.000411533 0.00145385 3.72294e-05 0.999999 0.00135891
0.999987 -0.00116381 0.0049726 -0.000740024 0.00116058 0.999999 0.000650919 0.0028805 -0.00497335 -0.00064514 0.999987 0.00120326
0.999934 -0.00134913 0.0113987 0.00249658 0.00133392 0.999998 0.00134162 0.00534994 -0.0114005 -0.00132633 0.999934 0.00102509
0.99984 -0.00153882 0.0178242 0.00573152 0.00150282 0.999997 0.00203343 0.00781982 -0.0178272 -0.00200632 0.999839 0.000824434
0.999704 -0.00173289 0.0242488 0.00896466 0.00166726 0.999995 0.0027263 0.0102901 -0.0242534 -0.00268507 0.999702 0.000601288
0.999972 -0.000780848 0.00745642 0.0119608 0.00070942 0.999954 0.00957723 0.00122937 -0.00746356 -0.00957168 0.999926 -0.0057059
0.999998 -2.64846e-06 -0.00189469 0.0148297 1.83629e-05 0.999966 0.00829399 0.00239761 0.0018946 -0.00829401 0.999964 -0.00184475
0.999999 2.79728e-05 -0.00171461 0.0107796 -2.17835e-05 0.999994 0.00360966 0.00565029 0.0017147 -0.00360962 0.999992 0.00369641
0.999999 5.94374e-05 -0.00153467 0.00673054 -6.10868e-05 0.999999 -0.00107476 0.00887711 0.00153461 0.00107485 0.999998 0.00925347
0.999999 9.17445e-05 -0.00135489 0.00268262 -9.95461e-05 0.999983 -0.00575916 0.012078 0.00135434 0.00575929 0.999982 0.0148263
1 9.37473e-05 -0.000251995 0.00527384 -9.489e-05 0.99999 -0.00453841 0.00611477 0.000251567 0.00453843 0.99999 0.00975897
1 9.44037e-05 0.000850903 0.0078595 -9.15802e-05 0.999995 -0.00331764 0.000145365 -0.000851211 0.00331756 0.999994 0.00469604
0.999998 9.37135e-05 0.0019538 0.0104396 -8.96166e-05 0.999998 -0.00209687 -0.0058302 -0.00195399 0.00209669 0.999996 -0.000362436
0.999995 9.16769e-05 0.00305669 0.0130141 -8.89993e-05 1 -0.000876089 -0.0118119 -0.00305677 0.000875813 0.999995 -0.00541646
0.999999 -0.000193804 0.00110938 0.0103299 0.000194126 1 -0.000289679 -0.00812645 -0.00110932 0.000289894 0.999999 -0.00617059
1 -0.000478144 -0.000838107 0.00764602 0.000478392 1 0.00029618 -0.00444218 0.000837965 -0.000296581 1 -0.0069321
0.999996 -0.000761341 -0.00278575 0.00496262 0.000763799 0.999999 0.000881483 -0.000759117 0.00278508 -0.000883608 0.999996 -0.007701
0.999988 -0.00104339 -0.00473356 0.00227968 0.00105034 0.999998 0.00146623 0.00292273 0.00473202 -0.00147118 0.999988 -0.00847728
0.999999 -0.000801262 -0.0011884 0.00122394 0.000802978 0.999999 0.00144436 0.0046999 0.00118724 -0.00144531 0.999998 0.00117712
1 -0.000232305 0.000618166 0.00187174 0.000232328 1 -3.69462e-05 -0.000709016 -0.000618158 3.70898e-05 1 0.00378294
0.999997 0.000339329 0.00242388 0.00252116 -0.000335647 0.999999 -0.00151928 -0.00612216 -0.0024244 0.00151846 0.999996 0.00637957
0.999991 0.000913636 0.00422874 0.00317217 -0.000900943 0.999995 -0.00300263 -0.0115395 -0.00423147 0.00299879 0.999987 0.00896701
0.999999 0.00102956 0.00112074 0.000918335 -0.00102777 0.999998 -0.00159074 -0.00615553 -0.00112237 0.00158958 0.999998 0.00304771
0.999997 0.00114986 -0.00198711 -0.00131642 -0.00115022 0.999999 -0.000178454 -0.000779646 0.0019869 0.000180739 0.999998 -0.00288616
0.999986 0.00127454 -0.00509477 -0.00353205 -0.00126826 0.999998 0.0012342 0.00458812 0.00509633 -0.00122772 0.999986 -0.00883454
0.999999 0.000605934 -0.00110451 -0.00220148 -0.000605236 1 0.000631927 0.0055754 0.00110489 -0.000631258 0.999999 -0.00372729
0.999996 -6.02842e-05 0.00288617 -0.00085119 6.01912e-05 1 3.23027e-05 0.00656051 -0.00288617 -3.21288e-05 0.999996 0.00137519
0.999976 -0.000724106 0.0068772 0.0005188 0.000728006 1 -0.000564661 0.00754346 -0.00687679 0.000569654 0.999976 0.00647284
0.99994 -0.00138552 0.0108685 0.00190847 0.0013982 0.999998 -0.00115895 0.00852427 -0.0108669 0.00117408 0.99994 0.0115656
0.999994 -0.00141977 0.00307254 0.00583872 0.00142441 0.999998 -0.00150797 -0.000312994 -0.0030704 0.00151234 0.999994 0.00772065
0.999988 -0.00145666 -0.00472361 0.00979905 0.0014479 0.999997 -0.00185718 -0.00914883 0.0047263 0.00185032 0.999987 0.0039034
0.999997 -0.00132229 -0.00182288 0.0152739 0.00132075 0.999999 -0.000843312 -0.00676042 0.00182399 0.000840902 0.999998 0.00481864
0.999999 -0.00119084 0.00107799 0.0207516 0.00119066 0.999999 0.000170183 -0.0043718 -0.0010782 -0.000168899 0.999999 0.00571558
0.999992 -0.00106232 0.00397899 0.0262323 0.00105762 0.999999 0.0011833 -0.001983 -0.00398024 -0.00117908 0.999991 0.00659421
0.999999 -0.000294864 0.00132047 0.0192317 0.000294036 1 0.000627819 0.00483321 -0.00132065 -0.00062743 0.999999 0.00246847
0.999999 0.000471126 -0.00133849 0.0122473 -0.000471027 1 7.43748e-05 0.011657 0.00133853 -7.37443e-05 0.999999 -0.00167209
0.999999 0.000883726 -0.000535821 0.0069325 -0.000884141 0.999999 -0.000775 0.00625016 0.000535136 0.000775474 1 0.000436654
0.999999 0.00129701 0.000266502 0.00161714 -0.00129657 0.999998 -0.00162471 0.000843673 -0.000268608 0.00162436 0.999999 0.00254508
0.999998 0.00171097 0.00106847 -0.00369877 -0.00170832 0.999995 -0.00247474 -0.00456242 -0.0010727 0.00247291 0.999996 0.00465317
0.999996 0.00212561 0.00187009 -0.00901521 -0.00211939 0.999992 -0.00332511 -0.00996811 -0.00187714 0.00332113 0.999993 0.00676094
0.999998 0.00184198 0.000581502 -0.00619858 -0.00184028 0.999994 -0.00290814 -0.00786017 -0.000586856 0.00290706 0.999996 0.00192593
0.999999 0.00155888 -0.000707205 -0.00337631 -0.00156064 0.999996 -0.00249153 -0.00575346 0.000703318 0.00249263 0.999997 -0.00290633
0.999997 0.00127631 -0.00199603 -0.000548401 -0.00128046 0.999997 -0.00207528 -0.00364797 0.00199337 0.00207783 0.999996 -0.00773581
0.999994 0.000994284 -0.00328497 0.00228515 -0.000999739 0.999998 -0.00165939 -0.0015437 0.00328331 0.00166267 0.999993 -0.0125625
0.999999 0.00104041 -0.000777833 0.0067113 -0.00104138 0.999999 -0.00125133 0.00108148 0.000776531 0.00125214 0.999999 -0.00379573
0.999998 0.00108551 0.00172932 0.0111595 -0.00108405 0.999999 -0.000843374 0.00371004 -0.00173024 0.000841497 0.999998 0.00495888
0.999999 0.000461709 0.0010679 0.0102365 -0.000462249 1 0.000505464 0.00192588 -0.00106767 -0.000505957 0.999999 0.00448727
1 -0.000161198 0.000405635 0.0093149 0.000160445 0.999998 0.00185389 0.000140519 -0.000405933 -0.00185382 0.999998 0.00401747
1 -0.000783211 -0.000257469 0.00839472 0.000784031 0.999995 0.0032019 -0.00164605 0.00025496 -0.0032021 0.999995 0.00354946
0.999999 -0.00140433 -0.000921411 0.00747596 0.00140851 0.999989 0.00454949 -0.00343383 0.000915012 -0.00455078 0.999989 0.00308325
0.999997 -0.00202455 -0.00158619 0.00655863 0.00203387 0.999981 0.00589666 -0.0052228 0.00157422 -0.00589986 0.999981 0.00261884
0.999994 -0.00264388 -0.0022518 0.00564271 0.00266012 0.99997 0.0072434 -0.00701298 0.00223258 -0.00724935 0.999971 0.00215624
0.99999 -0.0032623 -0.00291825 0.00472823 0.00328726 0.999958 0.00858971 -0.00880434 0.0028901 -0.00859922 0.999959 0.00169545
0.999997 -0.00244037 -0.00097606 0.00325732 0.00244522 0.999985 0.00499723 -0.00130919 0.00096385 -0.0049996 0.999987 0.00491171
