1 0 0 0 0 1 0 0 0 0 1 0
1 0 0 0 0 1 0 0 0 0 1 0
1 0 0 0 0 1 0 0 0 0 1 0
1 0 0 0 0 1 0 0 0 0 1 0
1 0 0 0 0 1 0 0 0 0 1 0
1 0 0 0 0 1 0 0 0 0 1 0
1 0 0 0 0 1 0 0 0 0 1 0
1 0 0 0 0 1 0 0 0 0 1 0
1 0 0 0 0 1 0 0 0 0 1 0
1 0 0 0 0 1 0 0 0 0 1 0
1 0 0 0 0 1 0 0 0 0 1 0
1 0 0 0 0 1 0 0 0 0 1 0
1 0 0 0 0 1 0 0 0 0 1 0
1 0 0 0 0 1 0 0 0 0 1 0
1 0 0 0 0 1 0 0 0 0 1 0
1 0 0 0 0 1 0 0 0 0 1 0
1 0 0 0 0 1 0 0 0 0 1 0
1 0 0 0 0 1 0 0 0 0 1 0
1 0 0 0 0 1 0 0 0 0 1 0
1 0 0 0 0 1 0 0 0 0 1 0
1 0 0 0 0 1 0 0 0 0 1 0
1 0 0 0 0 1 0 0 0 0 1 0
1 0 0 0 0 1 0 0 0 0 1 0
1 0 0 0 0 1 0 0 0 0 1 0
1 0 0 0 0 1 0 0 0 0 1 0
1 0 0 0 0 1 0 0 0 0 1 0
1 0 0 0 0 1 0 0 0 0 1 0
1 0 0 0 0 1 0 0 0 0 1 0
1 0 0 0 0 1 0 0 0 0 1 0
1 0 0 0 0 1 0 0 0 0 1 0
1 0 0 0 0 1 0 0 0 0 1 0
1 0 0 0 0 1 0 0 0 0 1 0
1 0 0 0 0 1 0 0 0 0 1 0
1 0 0 0 0 1 0 0 0 0 1 0
1 0 0 0 0 1 0 0 0 0 1 0
1 0 0 0 0 1 0 0 0 0 1 0
1 0 0 0 0 1 0 0 0 0 1 0
1 0 0 0 0 1 0 0 0 0 1 0
1 0 0 0 0 1 0 0 0 0 1 0
1 0 0 0 0 1 0 0 0 0 1 0
1 0 0 0 0 1 0 0 0 0 1 0
1 0 0 0 0 1 0 0 0 0 1 0
1 0 0 0 0 1 0 0 0 0 1 0
1 0 0 0 0 1 0 0 0 0 1 0
1 0 0 0 0 1 0 0 0 0 1 0
1 0 0 0 0 1 0 0 0 0 1 0
1 0 0 0 0 1 0 0 0 0 1 0
1 0 0 0 0 1 0 0 0 0 1 0
1 0 0 0 0 1 0 0 0 0 1 0
1 0 0 0 0 1 0 0 0 0 1 0
1 0 0 0 0 1 0 0 0 0 1 0
1 0 0 0 0 1 0 0 0 0 1 0
1 0 0 0 0 1 0 0 0 0 1 0
1 0 0 0 0 1 0 0 0 0 1 0
1 0 0 0 0 1 0 0 0 0 1 0
1 0 0 0 0 1 0 0 0 0 1 0
1 0 0 0 0 1 0 0 0 0 1 0
1 0 0 0 0 1 0 0 0 0 1 0
1 0 0 0 0 1 0 0 0 0 1 0
1 0 0 0 0 1 0 0 0 0 1 0
1 0 0 0 0 1 0 0 0 0 1 0
1 0 0 0 0 1 0 0 0 0 1 0
1 0 0 0 0 1 0 0 0 0 1 0
1 0 0 0 0 1 0 0 0 0 1 0
1 0 0 0 0 1 0 0 0 0 1 0
1 0 0 0 0 1 0 0 0 0 1 0
1 0 0 0 0 1 0 0 0 0 1 0
1 0 0 0 0 1 0 0 0 0 1 0
1 0 0 0 0 1 0 0 0 0 1 0
1 0 0 0 0 1 0 0 0 0 1 0
1 0 0 0 0 1 0 0 0 0 1 0
1 0 0 0 0 1 0 0 0 0 1 0
1 0 0 0 0 1 0 0 0 0 1 0
1 0 0 0 0 1 0 0 0 0 1 0
1 0 0 0 0 1 0 0 0 0 1 0
1 0 0 0 0 1 0 0 0 0 1 0
1 0 0 0 0 1 0 0 0 0 1 0
1 0 0 0 0 1 0 0 0 0 1 0
1 0 0 0 0 1 0 0 0 0 1 0
1 0 0 0 0 1 0 0 0 0 1 0
1 0 0 0 0 1 0 0 0 0 1 0
1 0 0 0 0 1 0 0 0 0 1 0
1 0 0 0 0 1 0 0 0 0 1 0
1 0 0 0 0 1 0 0 0 0 1 0
1 0 0 0 0 1 0 0 0 0 1 0
1 0 0 0 0 1 0 0 0 0 1 0
1 0 0 0 0 1 0 0 0 0 1 0
1 0 0 0 0 1 0 0 0 0 1 0
1 0 0 0 0 1 0 0 0 0 1 0
1 0 0 0 0 1 0 0 0 0 1 0
1 0 0 0 0 1 0 0 0 0 1 0
1 0 0 0 0 1 0 0 0 0 1 0
1 0 0 0 0 1 0 0 0 0 1 0
1 0 0 0 0 1 0 0 0 0 1 0
1 0 0 0 0 1 0 0 0 0 1 0
1 0 0 0 0 1 0 0 0 0 1 0
1 0 0 0 0 1 0 0 0 0 1 0
1 0 0 0 0 1 0 0 0 0 1 0
1 0 0 0 0 1 0 0 0 0 1 0
1 0 0 0 0 1 0 0 0 0 1 0
1 0 0 0 0 1 0 0 0 0 1 0
1 0 0 0 0 1 0 0 0 0 1 0
1 0 0 0 0 1 0 0 0 0 1 0
1 0 0 0 0 1 0 0 0 0 1 0
1 0 0 0 0 1 0 0 0 0 1 0
1 0 0 0 0 1 0 0 0 0 1 0
1 0 0 0 0 1 0 0 0 0 1 0
1 0 0 0 0 1 0 0 0 0 1 0
1 0 0 0 0 1 0 0 0 0 1 0
1 0 0 0 0 1 0 0 0 0 1 0
1 0 0 0 0 1 0 0 0 0 1 0
1 0 0 0 0 1 0 0 0 0 1 0
1 0 0 0 0 1 0 0 0 0 1 0
1 0 0 0 0 1 0 0 0 0 1 0
1 0 0 0 0 1 0 0 0 0 1 0
1 0 0 0 0 1 0 0 0 0 1 0
1 0 0 0 0 1 0 0 0 0 1 0
1 0 0 0 0 1 0 0 0 0 1 0
1 0 0 0 0 1 0 0 0 0 1 0
1 0 0 0 0 1 0 0 0 0 1 0
1 0 0 0 0 1 0 0 0 0 1 0
1 0 0 0 0 1 0 0 0 0 1 0
1 0 0 0 0 1 0 0 0 0 1 0
1 0 0 0 0 1 0 0 0 0 1 0
1 0 0 0 0 1 0 0 0 0 1 0
1 0 0 0 0 1 0 0 0 0 1 0
1 0 0 0 0 1 0 0 0 0 1 0
1 0 0 0 0 1 0 0 0 0 1 0
1 0 0 0 0 1 0 0 0 0 1 0
1 0 0 0 0 1 0 0 0 0 1 0
1 0 0 0 0 1 0 0 0 0 1 0
1 0 0 0 0 1 0 0 0 0 1 0
1 0 0 0 0 1 0 0 0 0 1 0
1 0 0 0 0 1 0 0 0 0 1 0
1 0 0 0 0 1 0 0 0 0 1 0
1 0 0 0 0 1 0 0 0 0 1 0
1 0 0 0 0 1 0 0 0 0 1 0
1 0 0 0 0 1 0 0 0 0 1 0
1 0 0 0 0 1 0 0 0 0 1 0
1 0 0 0 0 1 0 0 0 0 1 0
1 0 0 0 0 1 0 0 0 0 1 0
1 0 0 0 0 1 0 0 0 0 1 0
1 0 0 0 0 1 0 0 0 0 1 0
1 0 0 0 0 1 0 0 0 0 1 0
1 0 0 0 0 1 0 0 0 0 1 0
1 0 0 0 0 1 0 0 0 0 1 0
1 0 0 0 0 1 0 0 0 0 1 0
1 0 0 0 0 1 0 0 0 0 1 0
1 0 0 0 0 1 0 0 0 0 1 0
1 0 0 0 0 1 0 0 0 0 1 0
1 0 0 0 0 1 0 0 0 0 1 0
1 0 0 0 0 1 0 0 0 0 1 0
1 0 0 0 0 1 0 0 0 0 1 0
1 0 0 0 0 1 0 0 0 0 1 0
1 0 0 0 0 1 0 0 0 0 1 0
1 0 0 0 0 1 0 0 0 0 1 0
1 0 0 0 0 1 0 0 0 0 1 0
1 0 0 0 0 1 0 0 0 0 1 0
1 0 0 0 0 1 0 0 0 0 1 0
1 0 0 0 0 1 0 0 0 0 1 0
1 0 0 0 0 1 0 0 0 0 1 0
1 0 0 0 0 1 0 0 0 0 1 0
1 0 0 0 0 1 0 0 0 0 1 0
1 0 0 0 0 1 0 0 0 0 1 0
1 0 0 0 0 1 0 0 0 0 1 0
1 0 0 0 0 1 0 0 0 0 1 0
1 0 0 0 0 1 0 0 0 0 1 0
1 0 0 0 0 1 0 0 0 0 1 0
1 0 0 0 0 1 0 0 0 0 1 0
1 0 0 0 0 1 0 0 0 0 1 0
1 0 0 0 0 1 0 0 0 0 1 0
1 0 0 0 0 1 0 0 0 0 1 0
1 0 0 0 0 1 0 0 0 0 1 0
1 0 0 0 0 1 0 0 0 0 1 0
1 0 0 0 0 1 0 0 0 0 1 0
1 0 0 0 0 1 0 0 0 0 1 0
1 0 0 0 0 1 0 0 0 0 1 0
1 0 0 0 0 1 0 0 0 0 1 0
1 0 0 0 0 1 0 0 0 0 1 0
1 0 0 0 0 1 0 0 0 0 1 0
1 0 0 0 0 1 0 0 0 0 1 0
1 0 0 0 0 1 0 0 0 0 1 0
1 0 0 0 0 1 0 0 0 0 1 0
1 0 0 0 0 1 0 0 0 0 1 0
1 0 0 0 0 1 0 0 0 0 1 0
1 0 0 0 0 1 0 0 0 0 1 0
1 0 0 0 0 1 0 0 0 0 1 0
1 0 0 0 0 1 0 0 0 0 1 0
1 0 0 0 0 1 0 0 0 0 1 0
1 0 0 0 0 1 0 0 0 0 1 0
1 0 0 0 0 1 0 0 0 0 1 0
1 0 0 0 0 1 0 0 0 0 1 0
1 0 0 0 0 1 0 0 0 0 1 0
1 0 0 0 0 1 0 0 0 0 1 0
1 0 0 0 0 1 0 0 0 0 1 0
1 0 0 0 0 1 0 0 0 0 1 0
1 0 0 0 0 1 0 0 0 0 1 0
1 0 0 0 0 1 0 0 0 0 1 0
1 0 0 0 0 1 0 0 0 0 1 0
1 0 0 0 0 1 0 0 0 0 1 0
1 0 0 0 0 1 0 0 0 0 1 0
1 0 0 0 0 1 0 0 0 0 1 0
1 0 0 0 0 1 0 0 0 0 1 0
1 0 0 0 0 1 0 0 0 0 1 0
1 0 0 0 0 1 0 0 0 0 1 0
1 0 0 0 0 1 0 0 0 0 1 0
1 0 0 0 0 1 0 0 0 0 1 0
1 0 0 0 0 1 0 0 0 0 1 0
1 0 0 0 0 1 0 0 0 0 1 0
1 0 0 0 0 1 0 0 0 0 1 0
1 0 0 0 0 1 0 0 0 0 1 0
1 0 0 0 0 1 0 0 0 0 1 0
1 0 0 0 0 1 0 0 0 0 1 0
1 0 0 0 0 1 0 0 0 0 1 0
1 0 0 0 0 1 0 0 0 0 1 0
1 0 0 0 0 1 0 0 0 0 1 0
1 0 0 0 0 1 0 0 0 0 1 0
1 0 0 0 0 1 0 0 0 0 1 0
1 0 0 0 0 1 0 0 0 0 1 0
1 0 0 0 0 1 0 0 0 0 1 0
1 0 0 0 0 1 0 0 0 0 1 0
1 0 0 0 0 1 0 0 0 0 1 0
1 0 0 0 0 1 0 0 0 0 1 0
1 0 0 0 0 1 0 0 0 0 1 0
1 0 0 0 0 1 0 0 0 0 1 0
1 0 0 0 0 1 0 0 0 0 1 0
1 0 0 0 0 1 0 0 0 0 1 0
1 0 0 0 0 1 0 0 0 0 1 0
1 0 0 0 0 1 0 0 0 0 1 0
1 0 0 0 0 1 0 0 0 0 1 0
1 0 0 0 0 1 0 0 0 0 1 0
1 0 0 0 0 1 0 0 0 0 1 0
1 0 0 0 0 1 0 0 0 0 1 0
1 0 0 0 0 1 0 0 0 0 1 0
1 0 0 0 0 1 0 0 0 0 1 0
1 0 0 0 0 1 0 0 0 0 1 0
1 0 0 0 0 1 0 0 0 0 1 0
1 0 0 0 0 1 0 0 0 0 1 0
1 0 0 0 0 1 0 0 0 0 1 0
1 0 0 0 0 1 0 0 0 0 1 0
1 0 0 0 0 1 0 0 0 0 1 0
1 0 0 0 0 1 0 0 0 0 1 0
1 0 0 0 0 1 0 0 0 0 1 0
1 0 0 0 0 1 0 0 0 0 1 0
1 0 0 0 0 1 0 0 0 0 1 0
1 0 0 0 0 1 0 0 0 0 1 0
1 0 0 0 0 1 0 0 0 0 1 0
1 0 0 0 0 1 0 0 0 0 1 0
1 0 0 0 0 1 0 0 0 0 1 0
1 0 0 0 0 1 0 0 0 0 1 0
1 0 0 0 0 1 0 0 0 0 1 0
1 0 0 0 0 1 0 0 0 0 1 0
1 0 0 0 0 1 0 0 0 0 1 0
1 0 0 0 0 1 0 0 0 0 1 0
1 0 0 0 0 1 0 0 0 0 1 0
1 0 0 0 0 1 0 0 0 0 1 0
1 0 0 0 0 1 0 0 0 0 1 0
1 0 0 0 0 1 0 0 0 0 1 0
1 0 0 0 0 1 0 0 0 0 1 0
1 0 0 0 0 1 0 0 0 0 1 0
1 0 0 0 0 1 0 0 0 0 1 0
1 0 0 0 0 1 0 0 0 0 1 0
1 0 0 0 0 1 0 0 0 0 1 0
1 0 0 0 0 1 0 0 0 0 1 0
1 0 0 0 0 1 0 0 0 0 1 0
1 0 0 0 0 1 0 0 0 0 1 0
1 0 0 0 0 1 0 0 0 0 1 0
1 0 0 0 0 1 0 0 0 0 1 0
1 0 0 0 0 1 0 0 0 0 1 0
1 0 0 0 0 1 0 0 0 0 1 0
1 0 0 0 0 1 0 0 0 0 1 0
1 0 0 0 0 1 0 0 0 0 1 0
1 0 0 0 0 1 0 0 0 0 1 0
1 0 0 0 0 1 0 0 0 0 1 0
1 0 0 0 0 1 0 0 0 0 1 0
1 0 0 0 0 1 0 0 0 0 1 0
1 0 0 0 0 1 0 0 0 0 1 0
1 0 0 0 0 1 0 0 0 0 1 0
1 0 0 0 0 1 0 0 0 0 1 0
1 0 0 0 0 1 0 0 0 0 1 0
1 0 0 0 0 1 0 0 0 0 1 0
1 0 0 0 0 1 0 0 0 0 1 0
1 0 0 0 0 1 0 0 0 0 1 0
1 0 0 0 0 1 0 0 0 0 1 0
1 0 0 0 0 1 0 0 0 0 1 0
1 0 0 0 0 1 0 0 0 0 1 0
1 0 0 0 0 1 0 0 0 0 1 0
1 0 0 0 0 1 0 0 0 0 1 0
1 0 0 0 0 1 0 0 0 0 1 0
1 0 0 0 0 1 0 0 0 0 1 0
1 0 0 0 0 1 0 0 0 0 1 0
1 0 0 0 0 1 0 0 0 0 1 0
1 0 0 0 0 1 0 0 0 0 1 0
1 0 0 0 0 1 0 0 0 0 1 0
1 0 0 0 0 1 0 0 0 0 1 0
1 0 0 0 0 1 0 0 0 0 1 0
1 0 0 0 0 1 0 0 0 0 1 0
1 0 0 0 0 1 0 0 0 0 1 0
1 0 0 0 0 1 0 0 0 0 1 0
1 0 0 0 0 1 0 0 0 0 1 0
1 0 0 0 0 1 0 0 0 0 1 0
1 0 0 0 0 1 0 0 0 0 1 0
1 0 0 0 0 1 0 0 0 0 1 0
1 0 0 0 0 1 0 0 0 0 1 0
1 0 0 0 0 1 0 0 0 0 1 0
1 0 0 0 0 1 0 0 0 0 1 0
1 0 0 0 0 1 0 0 0 0 1 0
1 0 0 0 0 1 0 0 0 0 1 0
1 0 0 0 0 1 0 0 0 0 1 0
1 0 0 0 0 1 0 0 0 0 1 0
1 0 0 0 0 1 0 0 0 0 1 0
1 0 0 0 0 1 0 0 0 0 1 0
1 0 0 0 0 1 0 0 0 0 1 0
1 0 0 0 0 1 0 0 0 0 1 0
1 0 0 0 0 1 0 0 0 0 1 0
1 0 0 0 0 1 0 0 0 0 1 0
1 0 0 0 0 1 0 0 0 0 1 0
1 0 0 0 0 1 0 0 0 0 1 0
1 0 0 0 0 1 0 0 0 0 1 0
1 0 0 0 0 1 0 0 0 0 1 0
1 0 0 0 0 1 0 0 0 0 1 0
1 0 0 0 0 1 0 0 0 0 1 0
1 0 0 0 0 1 0 0 0 0 1 0
1 0 0 0 0 1 0 0 0 0 1 0
1 0 0 0 0 1 0 0 0 0 1 0
1 0 0 0 0 1 0 0 0 0 1 0
1 0 0 0 0 1 0 0 0 0 1 0
1 0 0 0 0 1 0 0 0 0 1 0
1 0 0 0 0 1 0 0 0 0 1 0
1 0 0 0 0 1 0 0 0 0 1 0
1 0 0 0 0 1 0 0 0 0 1 0
1 0 0 0 0 1 0 0 0 0 1 0
1 0 0 0 0 1 0 0 0 0 1 0
1 0 0 0 0 1 0 0 0 0 1 0
1 0 0 0 0 1 0 0 0 0 1 0
1 0 0 0 0 1 0 0 0 0 1 0
1 0 0 0 0 1 0 0 0 0 1 0
1 0 0 0 0 1 0 0 0 0 1 0
1 0 0 0 0 1 0 0 0 0 1 0
1 0 0 0 0 1 0 0 0 0 1 0
1 0 0 0 0 1 0 0 0 0 1 0
1 0 0 0 0 1 0 0 0 0 1 0
1 0 0 0 0 1 0 0 0 0 1 0
1 0 0 0 0 1 0 0 0 0 1 0
1 0 0 0 0 1 0 0 0 0 1 0
1 0 0 0 0 1 0 0 0 0 1 0
1 0 0 0 0 1 0 0 0 0 1 0
1 0 0 0 0 1 0 0 0 0 1 0
1 0 0 0 0 1 0 0 0 0 1 0
1 0 0 0 0 1 0 0 0 0 1 0
1 0 0 0 0 1 0 0 0 0 1 0
1 0 0 0 0 1 0 0 0 0 1 0
1 0 0 0 0 1 0 0 0 0 1 0
1 0 0 0 0 1 0 0 0 0 1 0
1 0 0 0 0 1 0 0 0 0 1 0
1 0 0 0 0 1 0 0 0 0 1 0
1 0 0 0 0 1 0 0 0 0 1 0
1 0 0 0 0 1 0 0 0 0 1 0
1 0 0 0 0 1 0 0 0 0 1 0
1 0 0 0 0 1 0 0 0 0 1 0
1 0 0 0 0 1 0 0 0 0 1 0
1 0 0 0 0 1 0 0 0 0 1 0
1 0 0 0 0 1 0 0 0 0 1 0
1 0 0 0 0 1 0 0 0 0 1 0
1 0 0 0 0 1 0 0 0 0 1 0
1 0 0 0 0 1 0 0 0 0 1 0
1 0 0 0 0 1 0 0 0 0 1 0
1 0 0 0 0 1 0 0 0 0 1 0
1 0 0 0 0 1 0 0 0 0 1 0
1 0 0 0 0 1 0 0 0 0 1 0
1 0 0 0 0 1 0 0 0 0 1 0
1 0 0 0 0 1 0 0 0 0 1 0
1 0 0 0 0 1 0 0 0 0 1 0
1 0 0 0 0 1 0 0 0 0 1 0
1 0 0 0 0 1 0 0 0 0 1 0
1 0 0 0 0 1 0 0 0 0 1 0
1 0 0 0 0 1 0 0 0 0 1 0
1 0 0 0 0 1 0 0 0 0 1 0
1 0 0 0 0 1 0 0 0 0 1 0
1 0 0 0 0 1 0 0 0 0 1 0
1 0 0 0 0 1 0 0 0 0 1 0
1 0 0 0 0 1 0 0 0 0 1 0
1 0 0 0 0 1 0 0 0 0 1 0
1 0 0 0 0 1 0 0 0 0 1 0
1 0 0 0 0 1 0 0 0 0 1 0
1 0 0 0 0 1 0 0 0 0 1 0
1 0 0 0 0 1 0 0 0 0 1 0
1 0 0 0 0 1 0 0 0 0 1 0
1 0 0 0 0 1 0 0 0 0 1 0
1 0 0 0 0 1 0 0 0 0 1 0
1 0 0 0 0 1 0 0 0 0 1 0
1 0 0 0 0 1 0 0 0 0 1 0
1 0 0 0 0 1 0 0 0 0 1 0
1 0 0 0 0 1 0 0 0 0 1 0
1 0 0 0 0 1 0 0 0 0 1 0
1 0 0 0 0 1 0 0 0 0 1 0
1 0 0 0 0 1 0 0 0 0 1 0
1 0 0 0 0 1 0 0 0 0 1 0
1 0 0 0 0 1 0 0 0 0 1 0
1 0 0 0 0 1 0 0 0 0 1 0
1 0 0 0 0 1 0 0 0 0 1 0
1 0 0 0 0 1 0 0 0 0 1 0
1 0 0 0 0 1 0 0 0 0 1 0
1 0 0 0 0 1 0 0 0 0 1 0
1 0 0 0 0 1 0 0 0 0 1 0
1 0 0 0 0 1 0 0 0 0 1 0
1 0 0 0 0 1 0 0 0 0 1 0
1 0 0 0 0 1 0 0 0 0 1 0
1 0 0 0 0 1 0 0 0 0 1 0
1 0 0 0 0 1 0 0 0 0 1 0
1 0 0 0 0 1 0 0 0 0 1 0
1 0 0 0 0 1 0 0 0 0 1 0
1 0 0 0 0 1 0 0 0 0 1 0
1 0 0 0 0 1 0 0 0 0 1 0
1 0 0 0 0 1 0 0 0 0 1 0
1 0 0 0 0 1 0 0 0 0 1 0
1 0 0 0 0 1 0 0 0 0 1 0
1 0 0 0 0 1 0 0 0 0 1 0
1 0 0 0 0 1 0 0 0 0 1 0
1 0 0 0 0 1 0 0 0 0 1 0
1 0 0 0 0 1 0 0 0 0 1 0
1 -0.000296348 -0.000120069 0.00383353 0.000296387 1 0.000329469 -0.00907993 0.000119971 -0.000329505 1 -0.0021669
1 -0.000983753 -0.000143972 0.0033066 0.000983933 0.999999 0.00126032 -0.00816197 0.000142732 -0.00126046 0.999999 -0.00397037
0.999999 -0.00167114 -0.000168516 0.00277909 0.0016715 0.999996 0.00219115 -0.00724606 0.000164853 -0.00219143 0.999998 -0.00577471
0.999997 -0.00235849 -0.000193699 0.00225098 0.00235909 0.999992 0.00312197 -0.00633218 0.000186334 -0.00312242 0.999995 -0.00757992
0.999995 -0.00304583 -0.000219522 0.00172229 0.00304669 0.999987 0.00405276 -0.00542035 0.000207175 -0.00405341 0.999992 -0.00938598
0.999993 -0.00373314 -0.000245985 0.00119302 0.00373432 0.999981 0.00498353 -0.00451056 0.000227376 -0.00498442 0.999988 -0.0111929
0.99999 -0.00442042 -0.000273087 0.000663166 0.00442196 0.999973 0.00591428 -0.00360282 0.000246936 -0.00591543 0.999982 -0.0130007
0.999987 -0.00510767 -0.00030083 0.00013273 0.00510961 0.999964 0.00684501 -0.00269713 0.000265856 -0.00684646 0.999977 -0.0148093
0.999983 -0.0057949 -0.000329211 -0.000398286 0.00579729 0.999953 0.00777571 -0.00179349 0.000284136 -0.00777749 0.99997 -0.0166188
0.999992 -0.00397122 -0.000268384 0.0061991 0.00397241 0.999982 0.00459358 -0.00309928 0.000250137 -0.00459461 0.999989 -0.00877578
0.999998 -0.00214733 -0.000213361 0.0127945 0.00214763 0.999997 0.0014113 -0.00444205 0.00021033 -0.00141175 0.999999 -0.000937263
1 -0.000323279 -0.000164142 0.0193877 0.000322988 0.999998 -0.00177109 -0.0058218 0.000164714 0.00177104 0.999998 0.00689659
1 0.000244091 3.2897e-05 0.0155664 -0.000244038 0.999999 -0.00158808 -0.00404201 -3.32846e-05 0.00158807 0.999999 0.00449267
1 0.000811424 0.00023004 0.0117457 -0.0008111 0.999999 -0.00140518 -0.00226049 -0.00023118 0.00140499 0.999999 0.00208918
0.999999 0.00137872 0.000427287 0.00792542 -0.0013782 0.999998 -0.00122239 -0.00047724 -0.000428971 0.0012218 0.999999 -0.000313882
0.999998 0.00194598 0.000624637 0.00410573 -0.00194533 0.999998 -0.00103971 0.00130773 -0.000626659 0.0010385 0.999999 -0.00271651
0.999996 0.00251321 0.000822091 0.000286567 -0.0025125 0.999996 -0.00085715 0.00309443 -0.000824243 0.000855082 0.999999 -0.00511871
0.999995 0.0030804 0.00101965 -0.00353205 -0.00307971 0.999995 -0.000674697 0.00488285 -0.00102172 0.000671554 0.999999 -0.00752049
0.999993 0.00364755 0.00121731 -0.00735013 -0.00364695 0.999993 -0.000492357 0.006673 -0.0012191 0.000487914 0.999999 -0.00992183
0.999998 0.00171444 0.000323445 -0.00606865 -0.0017149 0.999997 0.00142527 -0.00232943 -0.000321 -0.00142582 0.999999 -0.00852768
1 -0.000216967 -0.000574125 -0.00477101 0.000218884 0.999994 0.00334116 -0.0113267 0.000573397 -0.00334128 0.999994 -0.00711512
0.999998 -0.00189877 -0.00050607 -0.00589518 0.00190096 0.999989 0.0043664 -0.0092713 0.000497773 -0.00436735 0.99999 -0.00151064
0.999997 -0.00232444 -0.000360936 0.00188583 0.00232636 0.999983 0.00541612 -0.00162347 0.00034834 -0.00541694 0.999985 0.0014585
0.999996 -0.00275026 -0.000216249 0.00966402 0.0027516 0.999975 0.0064659 0.00603077 0.00019846 -0.00646647 0.999979 0.00441846
0.999998 -0.00211506 -0.000346013 0.0182201 0.00211694 0.999982 0.00552858 0.00296876 0.000334314 -0.0055293 0.999985 0.00181959
0.999999 -0.00147997 -0.000476373 0.0267746 0.00148215 0.999988 0.00459134 -9.62382e-05 0.000469572 -0.00459204 0.999989 -0.000781019
0.999999 -0.000845015 -0.000607327 0.0353275 0.000847229 0.999993 0.00365418 -0.00316422 0.000604235 -0.00365469 0.999993 -0.00338336
1 -0.000365204 -0.000202035 0.0310448 0.000365379 1 0.00086634 -0.00119837 0.000201718 -0.000866413 1 -0.0033019
1 -0.00020157 7.02427e-05 0.0156863 0.000201634 1 -0.000909789 0.00079927 -7.00593e-05 0.000909803 1 -0.00265051
1 -3.74537e-05 0.000342229 0.000328353 3.83727e-05 0.999996 -0.00268596 0.00279826 -0.000342127 0.00268597 0.999996 -0.0019914
1 0.000127146 0.000613924 -0.0150291 -0.000124405 0.99999 -0.00446217 0.00479859 -0.000614485 0.00446209 0.99999 -0.00132455
1 0.000163991 0.000193372 -0.0200061 -0.000163641 0.999998 -0.00180989 -0.00155443 -0.000193668 0.00180986 0.999998 -0.00125597
1 0.000201952 -0.000227081 -0.0249833 -0.00020176 1 0.000842413 -0.00790706 0.000227252 -0.000842367 1 -0.00117263
1 -0.000358946 -0.00026444 -0.0178915 0.000359834 0.999994 0.00336499 -0.00720538 0.00026323 -0.00336508 0.999994 -0.000481733
1 -0.000919748 -0.000303212 -0.0108001 0.000921517 0.999982 0.00588752 -0.00649799 0.000297792 -0.00588779 0.999983 0.000207641
0.999999 -0.00148045 -0.0003434 -0.00370918 0.00148329 0.999964 0.00840999 -0.00578488 0.000330937 -0.00841049 0.999965 0.000895481
0.999998 -0.00204105 -0.000385002 0.00338134 0.00204514 0.999938 0.0109324 -0.00506606 0.000362664 -0.0109332 0.99994 0.00158177
0.999997 -0.00260154 -0.000428018 0.0104714 0.00260706 0.999906 0.0134547 -0.00434154 0.000392974 -0.0134558 0.999909 0.0022665
0.999995 -0.00316192 -0.000472447 0.0175611 0.00316907 0.999867 0.0159769 -0.00361131 0.000421867 -0.0159783 0.999872 0.00294964
0.999993 -0.00372219 -0.00051829 0.0246503 0.00373114 0.999822 0.018499 -0.00287538 0.000449341 -0.0185008 0.999829 0.0036312
0.999996 -0.00291832 -0.000507386 0.0230126 0.0029234 0.999942 0.0103177 0.00217829 0.000477246 -0.0103191 0.999947 0.00139345
0.999998 -0.0021144 -0.00050306 0.0213789 0.00211547 0.999995 0.00213574 0.00725142 0.000498542 -0.0021368 0.999998 -0.000802874
0.999999 -0.00131046 -0.000505311 0.0197493 0.00130738 0.999981 -0.00604636 0.0123437 0.000513225 0.00604569 0.999982 -0.00295761
1 -0.000959098 0.000168431 0.0126745 0.00096002 0.999984 -0.00556123 0.00353492 -0.000163094 0.00556139 0.999985 -0.00305996
0.999999 -0.000608064 0.000842343 0.00559667 0.000612332 0.999987 -0.00507635 -0.00527141 -0.000839246 0.00507686 0.999987 -0.00315326
0.999999 -0.000257356 0.00151643 -0.00148431 0.000264316 0.999989 -0.00459169 -0.0140753 -0.00151523 0.00459209 0.999988 -0.0032375
1 -0.000166001 0.000722141 -0.00798327 0.00016713 0.999999 -0.00156426 -0.0123064 -0.00072188 0.00156438 0.999999 -0.00368396
1 -7.2241e-05 -7.18647e-05 -0.0144817 7.23461e-05 0.999999 0.00146326 -0.0105382 7.17589e-05 -0.00146327 0.999999 -0.00414094
1 2.39222e-05 -0.000865583 -0.0209796 -2.00347e-05 0.99999 0.00449084 -0.00877088 0.000865681 -0.00449082 0.99999 -0.00460843
1 -9.69296e-05 -0.00041642 -0.0169217 9.89081e-05 0.999989 0.00475394 -0.00325508 0.000415955 -0.00475398 0.999989 -0.000171498
1 -0.0002179 3.27108e-05 -0.0128625 0.000217733 0.999987 0.0050171 0.00226236 -3.38036e-05 -0.00501709 0.999987 0.00426216
1 -0.000338988 0.00048181 -0.00880189 0.000336439 0.999986 0.00528031 0.00778146 -0.000483593 -0.00528014 0.999986 0.00869253
1 -0.000475777 -0.000257202 -0.00364132 0.00047695 0.999989 0.00458189 0.004271 0.000255019 -0.00458201 0.999989 0.00564905
0.999999 -0.000613082 -0.000996118 0.001522 0.000616946 0.999992 0.00388336 0.000763385 0.00099373 -0.00388397 0.999992 0.00260692
0.999998 -0.000750902 -0.00173494 0.00668806 0.000756425 0.999995 0.00318473 -0.00274138 0.00173254 -0.00318603 0.999993 -0.000433841
0.999997 -0.000889239 -0.00247366 0.0118569 0.000895388 0.999996 0.00248599 -0.00624329 0.00247144 -0.0024882 0.999994 -0.00347323
0.999999 -0.0014305 -0.000514311 0.00897175 0.00143131 0.999998 0.0015724 -0.00395974 0.000512061 -0.00157313 0.999999 -0.00207987
0.999997 -0.00196997 0.00144553 0.00608815 0.00196902 0.999998 0.00065985 -0.00167902 -0.00144683 -0.000657002 0.999999 -0.00067876
0.999991 -0.00250765 0.00340586 0.00320609 0.00250852 0.999997 -0.00025164 0.000598873 -0.00340522 0.000260182 0.999994 0.000730078
0.999981 -0.00304352 0.00536667 0.000325576 0.0030498 0.999995 -0.00116207 0.00287393 -0.0053631 0.00117842 0.999985 0.00214664
0.999967 -0.00357759 0.00732794 -0.00255338 0.00359286 0.999991 -0.00207144 0.00514614 -0.00732047 0.0020977 0.999971 0.00357093
0.999995 -0.00285288 0.00161897 -0.00186869 0.00285389 0.999996 -0.000620845 -0.00222231 -0.00161719 0.000625462 0.999999 0.00107404
0.999989 -0.00211978 -0.004089 -0.00117519 0.00212321 0.999997 0.000833943 -0.00959488 0.00408722 -0.000842616 0.999991 -0.00140819
0.999996 -0.00190203 -0.00210391 -0.00302255 0.00190617 0.999996 0.00196767 -0.00750968 0.00210016 -0.00197167 0.999996 -0.00180666
0.999999 -0.00168652 -0.000118574 -0.00487024 0.00168688 0.999994 0.00310096 -0.00542453 0.000113344 -0.00310115 0.999995 -0.00220382
0.999997 -0.00147325 0.00186701 -0.00671825 0.00146534 0.99999 0.0042338 -0.00333942 -0.00187323 -0.00423106 0.999989 -0.00259967
0.999992 -0.00126223 0.00385282 -0.00856659 0.00124155 0.999985 0.0053662 -0.00125435 -0.00385954 -0.00536138 0.999978 -0.00299422
0.999982 -0.00105345 0.00583886 -0.0104153 0.00101551 0.999978 0.00649815 0.000830679 -0.00584558 -0.00649211 0.999962 -0.00338747
0.999999 -0.00067178 0.00146741 -0.00350966 0.00066779 0.999996 0.00271741 -0.00267499 -0.00146923 -0.00271643 0.999995 -0.00177713
0.999996 -0.000306618 -0.00290547 0.0033876 0.000303534 0.999999 -0.00106181 -0.00618927 0.00290579 0.00106093 0.999995 -0.000149875
0.999973 4.20196e-05 -0.00727964 0.0102764 -7.72502e-05 0.999988 -0.00483939 -0.00971222 0.00727936 0.00483983 0.999962 0.00149422
0.999999 -0.00018784 -0.00169088 0.0129819 0.000181973 0.999994 -0.00346929 -0.00667586 0.00169152 0.00346897 0.999993 0.00358668
0.999992 -0.000425357 0.00389763 0.0156983 0.000433536 0.999998 -0.00209775 -0.00363597 -0.00389673 0.00209942 0.99999 0.00565983
0.999955 -0.000670524 0.00948568 0.0184254 0.00067743 1 -0.000724818 -0.00059255 -0.00948519 0.000731212 0.999955 0.0077136
0.999995 -0.00123023 0.00301723 0.0126649 0.00122725 0.999999 0.000989927 -0.00204859 -0.00301844 -0.000986218 0.999995 0.00498301
0.999992 -0.00177881 -0.0034523 0.00692308 0.00178814 0.999995 0.00270108 -0.00351255 0.00344748 -0.00270723 0.99999 0.00221773
0.999948 -0.00231625 -0.00992262 0.00120005 0.00236008 0.999987 0.00440855 -0.00498449 0.00991228 -0.00443174 0.999941 -0.000582128
0.999992 -0.00224313 -0.00337227 -6.97956e-05 0.00226228 0.999981 0.00568669 -0.00214575 0.00335945 -0.00569427 0.999978 0.00392724
0.999993 -0.00217828 0.00317832 -0.00130978 0.0021561 0.999973 0.00696415 0.0006989 -0.0031934 -0.00695725 0.999971 0.0084412
0.99995 -0.0021217 0.00972884 -0.00251989 0.00204156 0.999964 0.00824088 0.00354945 -0.00974598 -0.00822061 0.999919 0.0129595
0.999999 -0.0010744 0.000863251 -0.00186243 0.00106975 0.999985 0.0053664 0.000630214 -0.000869004 -0.00536547 0.999985 0.00974394
0.999968 -5.2453e-05 -0.00800538 -0.00117931 7.24735e-05 0.999997 0.00250061 -0.00228045 0.00800522 -0.00250111 0.999965 0.00652592
0.999999 -0.000943711 -0.000562941 0.00679612 0.000944755 0.999998 0.00185695 -0.00294775 0.000561188 -0.00185748 0.999998 0.00414763
0.999975 -0.00183015 0.0068801 0.0147542 0.0018218 0.999998 0.0012198 -0.00360653 -0.00688231 -0.00120724 0.999976 0.00170961
0.999994 -0.00199209 0.00271485 0.0141793 0.00199133 0.999998 0.000284221 -0.00269758 -0.00271541 -0.000278813 0.999996 0.00115077
0.999997 -0.0021579 -0.00145029 0.0136066 0.00215695 0.999997 -0.000652061 -0.0017882 0.00145169 0.00064893 0.999999 0.000590398
0.999982 -0.00232756 -0.00561525 0.013036 0.00231867 0.999996 -0.00158902 -0.000878391 0.00561893 0.00157597 0.999983 2.84934e-05
0.999949 -0.00250109 -0.00977995 0.0124677 0.00247649 0.999994 -0.00252665 3.18533e-05 0.00978621 0.0025023 0.999949 -0.000534931
0.999997 -0.00180242 -0.00150458 0.0105093 0.00180323 0.999998 0.000537469 0.00193501 0.00150361 -0.000540181 0.999999 0.00133844
0.999976 -0.00112895 0.006773 0.00856779 0.00110461 0.999993 0.00359591 0.00384525 -0.00677702 -0.00358834 0.999971 0.00322211
0.999993 -0.000754192 0.00361838 0.00544115 0.000735383 0.999986 0.00519677 -0.000150109 -0.00362225 -0.00519407 0.99998 0.00642583
1 -0.000374371 0.000464316 0.00230297 0.000371205 0.999977 0.00679877 -0.00413921 -0.000466851 -0.0067986 0.999977 0.00962605
1 -0.000452132 -0.000527773 0.0035009 0.000454952 0.999986 0.00535557 -0.00470711 0.000525344 -0.00535581 0.999986 0.00388319
0.999999 -0.000531325 -0.00151975 0.00470457 0.000537267 0.999992 0.00391228 -0.00526662 0.00151766 -0.00391309 0.999991 -0.0018593
0.999997 -0.000611948 -0.00251161 0.00591398 0.000618149 0.999997 0.0024689 -0.00581775 0.00251009 -0.00247044 0.999994 -0.00760139
0.999994 -0.000694003 -0.00350335 0.00712913 0.0006976 0.999999 0.00102543 -0.00636049 0.00350263 -0.00102787 0.999993 -0.0133431
0.999999 -0.00100158 -0.000912706 0.00601842 0.00100156 1 -2.25604e-05 -0.00456057 0.000912728 2.16462e-05 1 -0.00616265
0.999998 -0.00130644 0.00167826 0.00492577 0.00130824 0.999999 -0.00106976 -0.00276851 -0.00167686 0.00107196 0.999998 0.0010225
0.99999 -0.00160858 0.00426954 0.0038512 0.00161763 0.999996 -0.00211617 -0.000984316 -0.00426612 0.00212305 0.999989 0.00821234
0.999998 -0.00126802 0.00141414 0.00367099 0.00126943 0.999999 -0.000998178 -0.0032472 -0.00141287 0.000999971 0.999999 0.00530092
0.999999 -0.000924254 -0.00144089 0.00349832 0.000924429 1 0.000120801 -0.00551328 0.00144078 -0.000122132 0.999999 0.00239154
0.999991 -0.000577286 -0.00429552 0.00333316 0.00058262 0.999999 0.00124076 -0.00778255 0.0042948 -0.00124325 0.99999 -0.000515784
0.999974 -0.000227119 -0.00714972 0.00317552 0.00024401 0.999997 0.00236169 -0.010055 0.00714917 -0.00236337 0.999972 -0.00342103
0.99995 0.000126243 -0.0100035 0.00302538 -9.13991e-05 0.999994 0.00348358 -0.0123307 0.0100039 -0.00348249 0.999944 -0.00632417
0.999998 3.26083e-05 -0.00192487 -0.00113855 -2.82251e-05 0.999997 0.00227709 -0.00824605 0.00192494 -0.00227703 0.999996 -0.00316011
0.999981 -5.1285e-05 0.00615398 -0.00527706 4.46939e-05 0.999999 0.00107116 -0.00416553 -0.00615403 -0.00107086 0.999981 4.24236e-05
0.999997 -0.000726956 0.00212035 -0.00762997 0.000726137 1 0.000386852 -0.00407694 -0.00212063 -0.000385312 0.999998 0.00290952
0.999997 -0.00140539 -0.00191285 -0.0099945 0.00140481 0.999999 -0.000300194 -0.00399191 0.00191327 0.000297506 0.999998 0.00576716
0.99998 -0.00208656 -0.00594555 -0.0123706 0.00208071 0.999997 -0.000989972 -0.00391046 0.0059476 0.000977582 0.999982 0.00861531
0.999996 -0.00260749 -0.00143169 -0.00869802 0.00260675 0.999996 -0.000523211 -0.00836885 0.00143305 0.000519477 0.999999 0.00106391
0.99999 -0.00313049 0.00308195 -0.00505723 0.00313067 0.999995 -5.40807e-05 -0.0128289 -0.00308176 6.37287e-05 0.999995 -0.0065019
0.999995 -0.00276226 0.00130815 -0.00228063 0.00276275 0.999996 -0.00037339 -0.011711 -0.00130711 0.000377002 0.999999 -0.0045203
0.999997 -0.00239459 -0.000465777 0.000492859 0.00239427 0.999997 -0.000692046 -0.0105948 0.000467432 0.000690929 1 -0.00253342
0.999995 -0.00202748 -0.00223982 0.00326323 0.00202522 0.999997 -0.00101005 -0.00948022 0.00224186 0.00100551 0.999997 -0.000541268
0.999991 -0.00166092 -0.00401396 0.00603048 0.0016556 0.999998 -0.00132739 -0.00836732 0.00401616 0.00132074 0.999991 0.00145615
0.999982 -0.00129492 -0.00578822 0.00879458 0.00128543 0.999998 -0.00164409 -0.00725607 0.00579034 0.00163662 0.999982 0.00345883
0.999971 -0.000929489 -0.00756257 0.0115555 0.00091469 0.999998 -0.00196012 -0.00614648 0.00756437 0.00195314 0.999969 0.00546676
0.999956 -0.000564617 -0.00933701 0.0143133 0.000543393 0.999997 -0.00227549 -0.00503855 0.00933827 0.00227032 0.999954 0.00747994
0.999938 -0.000200308 -0.0111115 0.017068 0.000171536 0.999997 -0.00259021 -0.00393227 0.011112 0.00258814 0.999935 0.00949836
0.999999 -0.000554965 -0.00150994 0.0111639 0.000556134 1 0.000774153 -0.00558668 0.00150951 -0.000774992 0.999999 0.00397343
0.999967 -0.000941895 0.00809055 0.00520765 0.000908405 0.999991 0.00414204 -0.00726175 -0.00809438 -0.00413456 0.999959 -0.00148896
0.999964 -0.00136792 0.0084232 -0.00193876 0.00126571 0.999926 0.0121272 -0.00339729 -0.00843917 -0.0121161 0.999891 -0.00564928
0.999998 -0.00136185 0.00146565 -0.00675521 0.00134869 0.999959 0.00894252 -0.00184244 -0.00147777 -0.00894053 0.999959 -0.00593661
0.999984 -0.00137788 -0.00549196 -0.0115697 0.0014095 0.999982 0.00575729 -0.000286951 0.00548393 -0.00576494 0.999968 -0.00625249
0.999997 -0.00113206 -0.00223601 -0.00749258 0.00113587 0.999998 0.00170481 -0.00158334 0.00223408 -0.00170734 0.999996 -0.00156021
0.999999 -0.000873024 0.00101894 -0.00340059 0.000875415 0.999997 -0.00234857 -0.00289977 -0.00101688 0.00234946 0.999997 0.00311348
0.999991 -0.00060079 0.0042728 0.00070625 0.000628141 0.999979 -0.00640274 -0.00423616 -0.00426887 0.00640536 0.99997 0.00776845
0.999999 -0.000756978 0.00151805 0.00533819 0.000762951 0.999992 -0.00393758 -0.00610211 -0.00151506 0.00393873 0.999991 0.00230684
0.999999 -0.00090637 -0.00123709 0.00998543 0.000904548 0.999999 -0.00147278 -0.00798085 0.00123842 0.00147166 0.999998 -0.00313736
0.999991 -0.00104896 -0.00399258 0.0146479 0.00105293 0.999999 0.000991634 -0.00987232 0.00399154 -0.000995829 0.999992 -0.0085641
0.999998 -0.00143078 -0.00103355 0.0147627 0.001433 0.999997 0.00215291 -0.00464264 0.00103047 -0.00215439 0.999997 -0.00330402
0.999996 -0.00181602 0.00192504 0.0148911 0.00180963 0.999993 0.0033153 0.0005932 -0.00193105 -0.00331181 0.999993 0.00194962
0.999986 -0.00220468 0.00488316 0.015033 0.00218281 0.999988 0.0044788 0.00583519 -0.00489298 -0.00446808 0.999978 0.00719677
0.999997 -0.00179451 0.00142906 0.00844246 0.0017895 0.999992 0.00349914 0.0011437 -0.00143533 -0.00349658 0.999993 0.0037829
0.999997 -0.0013877 -0.00202545 0.0018619 0.00139281 0.999996 0.00252085 -0.00354183 0.00202195 -0.00252366 0.999995 0.000341681
0.999985 -0.000984258 -0.00548034 -0.00470859 0.000992733 0.999998 0.00154392 -0.00822138 0.00547881 -0.00154934 0.999984 -0.00312684
0.999998 -0.0010513 -0.00169248 -0.00818707 0.00105312 0.999999 0.00107236 -0.0056402 0.00169135 -0.00107414 0.999998 0.000934918
0.999997 -0.00111655 0.00209545 -0.0116503 0.00111529 0.999999 0.000601039 -0.00306116 -0.00209612 -0.000598701 0.999998 0.00501104
0.999999 -0.00103864 0.00125094 -0.00850857 0.00103703 0.999999 0.00129108 -0.00630431 -0.00125228 -0.00128978 0.999998 0.00174186
0.999999 -0.000960151 0.000406495 -0.00536432 0.000959344 0.999998 0.00198119 -0.00954996 -0.000408396 -0.00198079 0.999998 -0.00152242
1 -0.000881077 -0.000437901 -0.00221758 0.000882243 0.999996 0.00267136 -0.0127981 0.000435546 -0.00267174 0.999996 -0.00478181
0.999999 -0.000801419 -0.00128224 0.000931674 0.000805725 0.999994 0.00336159 -0.0160487 0.00127954 -0.00336262 0.999994 -0.0080363
1 -0.000707686 -0.000505891 0.00266933 0.000708734 0.999998 0.00207586 -0.0116849 0.000504421 -0.00207622 0.999998 -0.00416666
1 -0.000612954 0.000270338 0.00441042 0.00061274 1 0.00079006 -0.00732618 -0.000270822 -0.000789894 1 -0.000292764
0.999999 -0.000517224 0.00104644 0.00615493 0.000517743 1 -0.00049582 -0.00297262 -0.00104619 0.000496361 0.999999 0.00358538
0.999998 -0.000420496 0.00182243 0.00790286 0.000423743 0.999998 -0.00178177 0.00137578 -0.00182167 0.00178254 0.999997 0.00746776
1 -0.00070852 0.000669494 0.0092284 0.000708607 1 -0.00012994 -0.00182523 -0.000669402 0.000130415 1 0.00462921
0.999999 -0.000994639 -0.000483913 0.0105581 0.000995374 0.999998 0.00152156 -0.00503054 0.000482399 -0.00152204 0.999999 0.00179748
0.999998 -0.00127885 -0.00163779 0.011892 0.00128404 0.999994 0.00317273 -0.00824014 0.00163372 -0.00317482 0.999994 -0.00102742
0.999995 -0.00156116 -0.00279214 0.0132301 0.00157461 0.999987 0.00482355 -0.011454 0.00278457 -0.00482792 0.999984 -0.00384548
0.999991 -0.00184155 -0.00394694 0.0145723 0.00186708 0.999977 0.00647403 -0.0146722 0.00393493 -0.00648133 0.999971 -0.00665668
0.999998 -0.0018578 -0.00108104 0.0102676 0.00186218 0.99999 0.00406875 -0.00826745 0.00107347 -0.00407076 0.999991 -0.00319228
0.999997 -0.00186714 0.0017849 0.00597292 0.00186417 0.999997 0.00166346 -0.0018711 -0.001788 -0.00166012 0.999997 0.000299833
0.999987 -0.00186957 0.00465084 0.00168823 0.00187304 0.999998 -0.000741837 0.00451681 -0.00464944 0.000750539 0.999989 0.00381962
0.999997 -0.00175682 0.00150802 0.00159925 0.00175738 0.999998 -0.000368035 -0.000245706 -0.00150737 0.000370684 0.999999 -0.00110352
0.999997 -0.00164288 -0.00163478 0.00152519 0.00164289 0.999999 6.12919e-06 -0.00501005 0.00163476 -8.81493e-06 0.999999 -0.00602512
0.999987 -0.00152774 -0.00477751 0.00146605 0.00152958 0.999999 0.000380651 -0.00977623 0.00477692 -0.000387954 0.999988 -0.0109452
0.999998 -0.00133649 -0.00139743 0.00195391 0.00133779 0.999999 0.00093203 -0.00559006 0.00139618 -0.000933898 0.999999 -0.00292566
0.999997 -0.00114709 0.00198278 0.00246969 0.00114415 0.999998 0.00148276 -0.00139957 -0.00198447 -0.00148048 0.999997 0.00508984
0.999999 -0.00115383 0.00101354 0.00457053 0.00115163 0.999997 0.00216383 -0.00424212 -0.00101604 -0.00216266 0.999997 0.00289085
0.999999 -0.0011599 4.43049e-05 0.00667353 0.00115977 0.999995 0.0028449 -0.00708614 -4.76045e-05 -0.00284484 0.999996 0.000695836
0.999999 -0.00116532 -0.000924938 0.00877868 0.00116857 0.999993 0.00352595 -0.00993165 0.000920823 -0.00352703 0.999993 -0.0014952
0.999997 -0.00117007 -0.00189418 0.010886 0.00117803 0.99999 0.004207 -0.0127786 0.00188924 -0.00420922 0.999989 -0.00368226
0.999995 -0.00117416 -0.00286343 0.0129954 0.00118815 0.999987 0.00488803 -0.0156271 0.00285766 -0.00489141 0.999984 -0.00586534
0.999999 -0.00133418 -0.000449045 0.00964961 0.00133516 0.999997 0.00217292 -0.00792453 0.000446145 -0.00217352 0.999998 -0.00481054
0.999997 -0.00148764 0.00196577 0.00630523 0.00148871 0.999999 -0.000541844 -0.000225401 -0.00196496 0.000544769 0.999998 -0.00372676
0.999989 -0.00163453 0.00438098 0.00296233 0.0016488 0.999993 -0.00325623 0.00747024 -0.00437563 0.00326341 0.999985 -0.002614
0.999999 -0.00121099 0.000983461 0.000504021 0.00121292 0.999997 -0.00196498 0.00333881 -0.000981079 0.00196618 0.999998 -0.00208955
0.999997 -0.000783038 -0.00241352 -0.00195785 0.000781417 0.999999 -0.000672266 -0.000790876 0.00241404 0.000670378 0.999997 -0.00156811
0.999983 -0.00035069 -0.00580991 -0.00442327 0.000354309 1 0.000621911 -0.00491883 0.00580969 -0.000623959 0.999983 -0.0010497
0.999958 8.60511e-05 -0.00920568 -0.00689223 -6.84017e-05 0.999998 0.00191753 -0.00904504 0.00920583 -0.00191682 0.999956 -0.000534339
0.999998 -0.000253526 -0.00179695 -0.00523137 0.000258435 0.999996 0.00273265 -0.00912796 0.00179625 -0.00273311 0.999995 0.00170683
0.999984 -0.000599141 0.0056116 -0.00355393 0.000579224 0.999994 0.00355017 -0.00920851 -0.00561369 -0.00354686 0.999978 0.0039357
0.999997 -0.000995774 0.00239367 -0.00368924 0.00099287 0.999999 0.0012138 -0.00512123 -0.00239488 -0.00121142 0.999996 0.00372652
0.999999 -0.00139992 -0.000823343 -0.00382555 0.00139899 0.999998 -0.00112389 -0.00103353 0.000824915 0.00112273 0.999999 0.00352646
0.99999 -0.00181157 -0.0040394 -0.00396288 0.00179759 0.999992 -0.00346287 0.00305458 0.00404564 0.00345557 0.999986 0.00333552
0.999971 -0.00223072 -0.00725443 -0.00410126 0.00218864 0.999981 -0.0058031 0.00714307 0.00726724 0.00578705 0.999957 0.0031537
0.999997 -0.0021097 -0.00134946 0.00159513 0.00210685 0.999996 -0.00211435 0.00212673 0.00135391 0.0021115 0.999997 0.00493892
0.999988 -0.00201039 0.00455598 0.00730153 0.00200324 0.999997 0.00157389 -0.0028836 -0.00455913 -0.00156474 0.999988 0.00670896
0.999943 -0.00193279 0.0104616 0.0130178 0.00187783 0.999984 0.00526142 -0.00788799 -0.0104716 -0.00524148 0.999931 0.00846374
0.999999 -0.000957657 0.00100343 0.00510117 0.000951173 0.999979 0.00644204 -0.00275594 -0.00100958 -0.00644107 0.999979 0.00385097
0.999964 2.87811e-05 -0.00845364 -0.00276674 3.57337e-05 0.999971 0.00763135 0.00237786 0.00845361 -0.00763138 0.999935 -0.00084257
0.999974 -0.000302691 -0.00717779 -0.00859643 0.000395088 0.999917 0.0128746 0.00565199 0.00717329 -0.0128771 0.999891 0.000140176
0.999999 -0.000881506 -0.00146045 -0.0052324 0.000894419 0.99996 0.00886516 0.00245162 0.00145257 -0.00886645 0.99996 0.000381375
0.99999 -0.00143737 0.00425922 -0.00186542 0.00141668 0.999987 0.00485846 -0.000747904 -0.00426614 -0.00485238 0.999979 0.000590489
0.999948 -0.00197027 0.00998092 0.00150431 0.00196183 0.999998 0.000854733 -0.00394646 -0.00998258 -0.000835107 0.99995 0.000767504
0.999994 -0.00171504 0.00296809 0.00240337 0.00171563 0.999999 -0.000196885 -0.008164 -0.00296775 0.000201976 0.999996 -0.00522347
0.999991 -0.00146709 -0.00404516 0.00334337 0.00146206 0.999998 -0.00124675 -0.0123755 0.00404698 0.00124082 0.999991 -0.0112124
0.999998 -0.00138396 -0.00132468 0.00456034 0.00138365 0.999999 -0.000234032 -0.00788311 0.001325 0.000232199 0.999999 -0.00471628
0.999998 -0.00130357 0.00139589 0.00579533 0.00130248 0.999999 0.000778467 -0.00338426 -0.0013969 -0.000776648 0.999999 0.00177198
0.999991 -0.00122592 0.00411652 0.00704833 0.00121856 0.999998 0.00179074 0.00112105 -0.00411871 -0.00178571 0.99999 0.0082523
0.999999 -0.00113564 0.00127535 0.00405114 0.00113298 0.999997 0.00208699 -0.004433 -0.00127771 -0.00208554 0.999997 0.00407414
0.999998 -0.00104451 -0.00156582 0.00106536 0.00104824 0.999997 0.00238347 -0.00998804 0.00156332 -0.00238511 0.999996 -0.000110876
0.99999 -0.000952533 -0.00440694 -0.001909 0.00096435 0.999996 0.0026802 -0.0155441 0.00440437 -0.00268442 0.999987 -0.00430271
0.999998 -0.0011178 -0.00134284 -0.00142966 0.00112007 0.999998 0.0016927 -0.00838343 0.00134094 -0.0016942 0.999998 -0.00456959
0.999998 -0.00128004 0.00172144 -0.000952269 0.00127882 0.999999 0.000705676 -0.00122246 -0.00172234 -0.000703473 0.999998 -0.00483086
0.999987 -0.00143923 0.00478586 -0.000476804 0.00144059 0.999999 -0.000280854 0.00593885 -0.00478545 0.000287745 0.999988 -0.00508653
0.999998 -0.00156398 0.00136436 0.00749051 0.00156433 0.999999 -0.000254836 0.00299012 -0.00136396 0.00025697 0.999999 -0.000910813
0.999996 -0.00168862 -0.00205715 0.0154439 0.00168815 0.999999 -0.000229242 4.24802e-05 0.00205753 0.000225769 0.999998 0.00329222
0.999983 -0.00181316 -0.00547864 0.0233831 0.00181207 0.999998 -0.000204072 -0.00290407 0.00547901 0.000194141 0.999985 0.00752251
0.999959 -0.00193758 -0.00890008 0.0313083 0.00193606 0.999998 -0.000179326 -0.00584952 0.00890041 0.000162087 0.99996 0.01178
0.999997 -0.00193345 -0.00174714 0.0265406 0.00193374 0.999998 0.000164876 -0.0025506 0.00174682 -0.000168254 0.999998 0.00346838
0.999984 -0.00193168 0.00540589 0.0217136 0.00192896 0.999998 0.000509053 0.000745493 -0.00540686 -0.000498617 0.999985 -0.00481009
0.999995 -0.00193186 0.00257561 0.0112797 0.0019313 0.999998 0.000217263 -0.00166459 -0.00257603 -0.000212288 0.999997 -0.0027555
0.999998 -0.00193285 -0.000254683 0.000839937 0.00193283 0.999998 -7.45318e-05 -0.00407527 0.000254827 7.40394e-05 1 -0.000731154
0.999993 -0.00193464 -0.00308498 -0.00960547 0.00193352 0.999998 -0.00036633 -0.00648656 0.00308568 0.000360363 0.999995 0.00126293
0.999999 -0.00144404 -0.000940338 -0.00987575 0.00144323 0.999999 -0.000862231 -0.00844268 0.000941582 0.000860873 0.999999 0.00266133
1 -0.00035322 0.00030369 -0.00175522 0.000353722 0.999999 -0.00165442 -0.00489593 -0.000303105 0.00165453 0.999999 0.000589026
0.999999 0.000738584 0.00154685 0.00636659 -0.000734796 0.999997 -0.00244797 -0.00135638 -0.00154866 0.00244683 0.999996 -0.00149058
0.999994 0.00183137 0.00278915 0.0144897 -0.00182232 0.999993 -0.00324286 0.00217597 -0.00279507 0.00323776 0.999991 -0.00357751
0.999998 0.00199733 0.000789118 0.0101501 -0.00199549 0.999995 -0.00232919 0.00300018 -0.000793767 0.00232761 0.999997 -0.00341814
0.999997 0.00216511 -0.00121076 0.00581038 -0.00216682 0.999997 -0.00141517 0.00382528 0.00120769 0.00141779 0.999998 -0.00326821
0.999992 0.0023347 -0.00321048 0.00147051 -0.00233632 0.999997 -0.000500815 0.00465125 0.0032093 0.000508312 0.999995 -0.00312771
0.999983 0.00250612 -0.00521003 -0.00286949 -0.002504 0.999997 0.000413881 0.00547809 0.00521105 -0.000400829 0.999986 -0.00299664
0.99997 0.00267935 -0.00720941 -0.0072096 -0.00266984 0.999996 0.00132891 0.0063058 0.00721294 -0.00130962 0.999973 -0.00287501
0.999954 0.0028544 -0.0092086 -0.0115498 -0.00283385 0.999993 0.00224427 0.00713435 0.00921494 -0.00221807 0.999955 -0.00276281
0.999997 0.00185695 -0.00134773 -0.0105794 -0.00185604 0.999998 0.000675911 0.007483 0.00134898 -0.000673407 0.999999 0.00213222
0.999978 0.00087167 0.00651477 -0.00957091 -0.000865925 0.999999 -0.000884714 0.00782499 -0.00651553 0.000879053 0.999978 0.00702
0.999999 -0.0011295 0.000443997 -0.000818667 0.00112891 0.999998 0.00133557 -0.0100778 -0.000445504 -0.00133506 0.999999 -0.00166218
0.999997 -0.00244961 -0.000773101 0.00860828 0.00245099 0.999995 0.00177739 -0.0149286 0.000768744 -0.00177928 0.999998 -0.00455691
0.999998 -0.00210622 -0.000479944 0.0162328 0.00210717 0.999996 0.00198959 -0.0051467 0.000475751 -0.0019906 0.999998 -0.00157041
0.999998 -0.00176289 -0.000186713 0.0238616 0.00176329 0.999996 0.00220169 0.00463318 0.000182831 -0.00220202 0.999998 0.00141178
1 -0.000778383 -0.000191191 0.0183852 0.00077879 0.999997 0.00214047 0.0115093 0.000189524 -0.00214062 0.999998 0.00667435
1 0.000535186 -0.000267792 0.0088226 -0.000534861 0.999999 0.0012111 0.00832227 0.00026844 -0.00121096 0.999999 0.00608205
0.999998 0.00184868 -0.000345613 -0.000744089 -0.00184859 0.999998 0.000281829 0.0051484 0.000346134 -0.00028119 1 0.00548603
0.999995 0.0031621 -0.000424655 -0.0103149 -0.00316238 0.999995 -0.00064734 0.00198765 0.000422606 0.00064868 1 0.00488632
0.99999 0.00447545 -0.000504918 -0.0198898 -0.00447624 0.999989 -0.0015764 -0.00115996 0.000497857 0.00157865 0.999999 0.00428292
0.999996 0.00293031 -1.85239e-05 -0.019172 -0.00293031 0.999996 -0.000120767 -0.00238093 1.81699e-05 0.00012082 1 2.69471e-05
0.999999 0.00138445 0.00046562 -0.0184544 -0.00138507 0.999998 0.00133562 -0.00360697 -0.00046377 -0.00133626 0.999999 -0.00422759
1 -5.91442e-05 0.000250449 -0.0100383 5.91167e-05 1 0.000110003 0.00136355 -0.000250456 -0.000109988 1 -0.00506186
