1 0 0 0 0 1 0 0 0 0 1 0
1 0 0 0 0 1 0 0 0 0 1 0
1 0 0 0 0 1 0 0 0 0 1 0
1 0 0 0 0 1 0 0 0 0 1 0
1 0 0 0 0 1 0 0 0 0 1 0
1 0 0 0 0 1 0 0 0 0 1 0
1 0 0 0 0 1 0 0 0 0 1 0
1 0 0 0 0 1 0 0 0 0 1 0
1 0 0 0 0 1 0 0 0 0 1 0
1 0 0 0 0 1 0 0 0 0 1 0
1 0 0 0 0 1 0 0 0 0 1 0
1 0 0 0 0 1 0 0 0 0 1 0
1 0 0 0 0 1 0 0 0 0 1 0
1 0 0 0 0 1 0 0 0 0 1 0
1 0 0 0 0 1 0 0 0 0 1 0
1 0 0 0 0 1 0 0 0 0 1 0
1 0 0 0 0 1 0 0 0 0 1 0
1 0 0 0 0 1 0 0 0 0 1 0
1 0 0 0 0 1 0 0 0 0 1 0
1 0 0 0 0 1 0 0 0 0 1 0
1 0 0 0 0 1 0 0 0 0 1 0
1 0 0 0 0 1 0 0 0 0 1 0
1 0 0 0 0 1 0 0 0 0 1 0
1 0 0 0 0 1 0 0 0 0 1 0
1 0 0 0 0 1 0 0 0 0 1 0
1 0 0 0 0 1 0 0 0 0 1 0
1 0 0 0 0 1 0 0 0 0 1 0
1 0 0 0 0 1 0 0 0 0 1 0
1 0 0 0 0 1 0 0 0 0 1 0
1 0 0 0 0 1 0 0 0 0 1 0
1 0 0 0 0 1 0 0 0 0 1 0
1 0 0 0 0 1 0 0 0 0 1 0
1 0 0 0 0 1 0 0 0 0 1 0
1 0 0 0 0 1 0 0 0 0 1 0
1 0 0 0 0 1 0 0 0 0 1 0
1 0 0 0 0 1 0 0 0 0 1 0
1 0 0 0 0 1 0 0 0 0 1 0
1 0 0 0 0 1 0 0 0 0 1 0
1 0 0 0 0 1 0 0 0 0 1 0
1 0 0 0 0 1 0 0 0 0 1 0
1 0 0 0 0 1 0 0 0 0 1 0
1 0 0 0 0 1 0 0 0 0 1 0
1 0 0 0 0 1 0 0 0 0 1 0
1 0 0 0 0 1 0 0 0 0 1 0
1 0 0 0 0 1 0 0 0 0 1 0
1 0 0 0 0 1 0 0 0 0 1 0
1 0 0 0 0 1 0 0 0 0 1 0
1 0 0 0 0 1 0 0 0 0 1 0
1 0 0 0 0 1 0 0 0 0 1 0
1 0 0 0 0 1 0 0 0 0 1 0
1 0 0 0 0 1 0 0 0 0 1 0
1 0 0 0 0 1 0 0 0 0 1 0
1 0 0 0 0 1 0 0 0 0 1 0
1 0 0 0 0 1 0 0 0 0 1 0
1 0 0 0 0 1 0 0 0 0 1 0
1 0 0 0 0 1 0 0 0 0 1 0
1 0 0 0 0 1 0 0 0 0 1 0
1 0 0 0 0 1 0 0 0 0 1 0
1 0 0 0 0 1 0 0 0 0 1 0
1 0 0 0 0 1 0 0 0 0 1 0
1 0 0 0 0 1 0 0 0 0 1 0
1 0 0 0 0 1 0 0 0 0 1 0
1 0 0 0 0 1 0 0 0 0 1 0
1 0 0 0 0 1 0 0 0 0 1 0
1 0 0 0 0 1 0 0 0 0 1 0
1 0 0 0 0 1 0 0 0 0 1 0
1 0 0 0 0 1 0 0 0 0 1 0
1 0 0 0 0 1 0 0 0 0 1 0
1 0 0 0 0 1 0 0 0 0 1 0
1 0 0 0 0 1 0 0 0 0 1 0
1 0 0 0 0 1 0 0 0 0 1 0
1 0 0 0 0 1 0 0 0 0 1 0
1 0 0 0 0 1 0 0 0 0 1 0
1 0 0 0 0 1 0 0 0 0 1 0
1 0 0 0 0 1 0 0 0 0 1 0
1 0 0 0 0 1 0 0 0 0 1 0
1 0 0 0 0 1 0 0 0 0 1 0
1 0 0 0 0 1 0 0 0 0 1 0
1 0 0 0 0 1 0 0 0 0 1 0
1 0 0 0 0 1 0 0 0 0 1 0
1 0 0 0 0 1 0 0 0 0 1 0
1 0 0 0 0 1 0 0 0 0 1 0
1 0 0 0 0 1 0 0 0 0 1 0
1 0 0 0 0 1 0 0 0 0 1 0
1 0 0 0 0 1 0 0 0 0 1 0
1 0 0 0 0 1 0 0 0 0 1 0
1 0 0 0 0 1 0 0 0 0 1 0
1 0 0 0 0 1 0 0 0 0 1 0
1 0 0 0 0 1 0 0 0 0 1 0
1 0 0 0 0 1 0 0 0 0 1 0
1 0 0 0 0 1 0 0 0 0 1 0
1 0 0 0 0 1 0 0 0 0 1 0
1 0 0 0 0 1 0 0 0 0 1 0
1 0 0 0 0 1 0 0 0 0 1 0
1 0 0 0 0 1 0 0 0 0 1 0
1 0 0 0 0 1 0 0 0 0 1 0
1 0 0 0 0 1 0 0 0 0 1 0
1 0 0 0 0 1 0 0 0 0 1 0
1 0 0 0 0 1 0 0 0 0 1 0
1 0 0 0 0 1 0 0 0 0 1 0
1 0 0 0 0 1 0 0 0 0 1 0
1 0 0 0 0 1 0 0 0 0 1 0
1 0 0 0 0 1 0 0 0 0 1 0
1 0 0 0 0 1 0 0 0 0 1 0
1 0 0 0 0 1 0 0 0 0 1 0
1 0 0 0 0 1 0 0 0 0 1 0
1 0 0 0 0 1 0 0 0 0 1 0
1 0 0 0 0 1 0 0 0 0 1 0
1 0 0 0 0 1 0 0 0 0 1 0
1 0 0 0 0 1 0 0 0 0 1 0
1 0 0 0 0 1 0 0 0 0 1 0
1 0 0 0 0 1 0 0 0 0 1 0
1 0 0 0 0 1 0 0 0 0 1 0
1 0 0 0 0 1 0 0 0 0 1 0
1 0.000354537 0.00041814 0.00695688 -0.000353946 0.999999 -0.00141387 0.00849968 -0.000418641 0.00141372 0.999999 0.00148851
0.999999 0.000709665 0.000835779 0.0139174 -0.000707299 0.999996 -0.00282789 0.0169948 -0.000837782 0.00282729 0.999996 0.00298612
0.999999 0.000866907 0.00109561 0.0144906 -0.000861908 0.999989 -0.00455523 0.0139712 -0.00109954 0.00455428 0.999989 0.0046887
0.999999 0.0010246 0.00135516 0.0150637 -0.00101606 0.99998 -0.0062826 0.0109445 -0.00136157 0.00628121 0.999979 0.00638592
0.999998 0.00118274 0.00161445 0.0156369 -0.00116977 0.999967 -0.00800999 0.00791482 -0.00162387 0.00800808 0.999967 0.00807775
0.999997 0.00134132 0.00187346 0.01621 -0.00132302 0.999952 -0.00973739 0.00488214 -0.00188643 0.00973489 0.999951 0.00976421
0.999997 0.00150035 0.0021322 0.016783 -0.00147581 0.999933 -0.0114648 0.00184647 -0.00214925 0.0114616 0.999932 0.0114453
0.999999 0.000860675 0.00095023 0.0119373 -0.000852271 0.999961 -0.00880981 -0.00117676 -0.000957775 0.00880899 0.999961 0.00193301
1 0.000224133 -0.000233431 0.00710483 -0.000225566 0.999981 -0.00615549 -0.00422827 0.000232047 0.00615555 0.999981 -0.00757694
0.999999 -0.000409265 -0.00141878 0.00228557 0.000404295 0.999994 -0.00350188 -0.00730804 0.0014202 0.0035013 0.999993 -0.0170845
1 0.00017122 0.000152305 0.00188457 -0.000170797 0.999996 -0.00276848 -0.00354588 -0.000152779 0.00276846 0.999996 -0.0132881
0.999998 0.000750552 0.00172381 0.0014917 -0.000747042 0.999998 -0.00203599 0.000219282 -0.00172534 0.0020347 0.999996 -0.00949381
0.999994 0.00132873 0.00329574 0.00110698 -0.00132444 0.999998 -0.0013044 0.00398745 -0.00329746 0.00130003 0.999994 -0.00570169
0.999986 0.00190575 0.00486808 0.00073038 -0.00190298 0.999998 -0.000573727 0.00775862 -0.00486916 0.000564456 0.999988 -0.00191173
0.999976 0.00248162 0.00644083 0.000361916 -0.00248267 0.999997 0.00015604 0.0115328 -0.00644042 -0.000172026 0.999979 0.00187604
0.999963 0.00305632 0.00801398 1.57987e-06 -0.00306351 0.999995 0.000884894 0.0153099 -0.00801124 -0.000909412 0.999968 0.00566162
0.999994 0.0022646 0.00277943 -0.0056148 -0.00227127 0.999995 0.00239932 0.00895932 -0.00277398 -0.00240562 0.999993 0.00514956
0.999996 0.00148073 -0.00245639 -0.0112234 -0.00147112 0.999991 0.00390957 0.00260343 0.00246215 -0.00390594 0.999989 0.00461772
0.99997 0.000704721 -0.00769331 -0.016824 -0.000663066 0.999985 0.00541561 -0.00375776 0.00769701 -0.00541035 0.999956 0.00406615
0.999999 0.000286534 -0.00168074 -0.0090091 -0.000284749 0.999999 0.00106209 0.00153564 0.00168104 -0.00106161 0.999998 0.0045264
0.999991 -0.000105494 0.00433366 -0.00119361 0.000119749 0.999995 -0.00328909 0.0068302 -0.00433329 0.00328957 0.999985 0.00496268
0.999946 -0.000471342 0.0103495 0.00662232 0.000550405 0.999971 -0.00763769 0.012126 -0.0103456 0.00764298 0.999917 0.00537501
0.999985 -0.000175823 0.00546983 0.00700016 0.000227587 0.999955 -0.00946449 0.00718339 -0.00546792 0.00946559 0.99994 0.00812751
1 0.000110799 0.000589451 0.00736292 -0.000104137 0.999936 -0.0112896 0.00223561 -0.000590664 0.0112896 0.999936 0.0108728
1 0.000492331 -0.000226098 0.0067047 -0.000493995 0.999972 -0.00741785 1.47338e-05 0.00022244 0.00741796 0.999972 0.00322685
0.999999 0.000877018 -0.00104016 0.00605182 -0.000880701 0.999993 -0.00354562 -0.00223548 0.00103705 0.00354653 0.999993 -0.00441097
0.999997 0.00126485 -0.00185273 0.00540426 -0.00126425 0.999999 0.000326974 -0.004515 0.00185314 -0.00032463 0.999998 -0.0120405
1 0.000760321 -0.000369994 0.00402238 -0.000759856 0.999999 0.00125602 -0.00100059 0.000370949 -0.00125574 0.999999 -0.00794245
0.999999 0.000254408 0.00111228 0.0026448 -0.000256838 0.999998 0.00218581 0.00251694 -0.00111172 -0.00218609 0.999997 -0.00384558
0.999997 -0.000252884 0.00259407 0.00127153 0.0002448 0.999995 0.00311635 0.00603758 -0.00259485 -0.0031157 0.999992 0.000250063
0.999991 -0.000761553 0.00407539 -9.74351e-05 0.000745057 0.999992 0.00404762 0.00956133 -0.00407844 -0.00404455 0.999983 0.00434446
0.999998 -0.00153397 0.00141596 0.00224495 0.00152893 0.999992 0.00355935 0.00368979 -0.00142141 -0.00355718 0.999993 0.00484456
0.999997 -0.00230769 -0.00124311 0.0045906 0.00231149 0.999993 0.00306899 -0.00218017 0.00123602 -0.00307186 0.999995 0.00534801
0.999988 -0.00308269 -0.00390179 0.00693951 0.00309275 0.999992 0.00257656 -0.00804853 0.00389381 -0.0025886 0.999989 0.00585481
0.999997 -0.0024099 -0.000945605 0.00469962 0.00241063 0.999997 0.000777548 -0.00191633 0.000943728 -0.000779825 0.999999 0.00575062
0.999996 -0.00173176 0.00200937 0.00246361 0.00173382 0.999998 -0.00102347 0.00421757 -0.00200759 0.00102695 0.999997 0.00566409
0.999987 -0.00104829 0.0049631 0.000231524 0.00106233 0.999995 -0.00282649 0.0103531 -0.00496011 0.00283172 0.999984 0.00559521
0.999997 -0.000255771 0.00247727 0.00125297 0.000255208 1 0.000227566 0.00453879 -0.00247732 -0.000226933 0.999997 0.00284358
1 0.000544349 -6.15059e-06 0.0022766 -0.000544326 0.999994 0.00328361 -0.00128473 7.93799e-06 -0.00328361 0.999995 0.000112275
0.999996 0.00135205 -0.00248711 0.00330235 -0.00133626 0.999979 0.0063416 -0.00711739 0.00249563 -0.00633825 0.999977 -0.00259867
0.999999 0.000765284 -0.000931792 0.00210339 -0.00076047 0.999986 0.00515608 -0.0050176 0.000935725 -0.00515537 0.999986 0.000482229
1 0.000180354 0.000624223 0.000908017 -0.000182832 0.999992 0.00397145 -0.00292215 -0.000623502 -0.00397156 0.999992 0.00356747
0.999998 -0.000402732 0.00218093 -0.00028375 0.000396652 0.999996 0.00278771 -0.000831052 -0.00218204 -0.00278684 0.999994 0.00665706
0.999993 -0.000983973 0.00373832 -0.00147191 0.000977979 0.999998 0.00160487 0.0012557 -0.00373989 -0.0016012 0.999992 0.00975097
0.999985 -0.00156337 0.00529638 -0.00265644 0.00156115 0.999999 0.00042294 0.0033381 -0.00529704 -0.000414665 0.999986 0.0128492
0.999998 -0.00129618 0.00160544 0.003002 0.00129222 0.999996 0.00246954 0.00258172 -0.00160863 -0.00246746 0.999996 0.00528114
0.999997 -0.00102142 -0.00208498 0.00868814 0.00103083 0.999989 0.00451711 0.00180839 0.00208034 -0.00451924 0.999988 -0.00226443
0.999983 -0.000739096 -0.00577479 0.0144019 0.000777008 0.999978 0.00656561 0.00101814 0.00576982 -0.00656998 0.999962 -0.00978735
0.999999 -0.000830273 -0.00131579 0.0132397 0.000835077 0.999993 0.0036548 7.60843e-05 0.00131275 -0.0036559 0.999992 -0.00162932
0.999995 -0.000908454 0.00314348 0.012114 0.000906119 0.999999 0.000744251 -0.000889794 -0.00314416 -0.000741399 0.999995 0.00653104
0.999998 -0.00114777 0.00178214 0.00684092 0.00114731 0.999999 0.00025679 -0.00185676 -0.00178243 -0.000254745 0.999998 0.00365705
0.999999 -0.00138775 0.0004209 0.00157198 0.00138785 0.999999 -0.000231 -0.00282359 -0.000420579 0.000231583 1 0.000775403
0.999998 -0.00162839 -0.000940219 -0.0036928 0.00162771 0.999998 -0.000719116 -0.00379028 0.000941389 0.000717584 0.999999 -0.00211388
0.999996 -0.00186969 -0.00230122 -0.0089534 0.00186692 0.999998 -0.00120756 -0.00475682 0.00230347 0.00120326 0.999997 -0.0050108
0.999991 -0.00211166 -0.0036621 -0.0142098 0.00210545 0.999996 -0.00169633 -0.0057232 0.00366567 0.0016886 0.999992 -0.00791535
0.999998 -0.00165283 -0.000629797 -0.00945593 0.00165166 0.999997 -0.00185584 -0.00427644 0.000632863 0.0018548 0.999998 -0.0038154
0.999996 -0.0011935 0.00240244 -0.00468895 0.00119834 0.999997 -0.00201673 -0.0028325 -0.00240002 0.0020196 0.999995 0.000270353
0.999985 -0.000733667 0.00543457 9.10447e-05 0.000745518 0.999997 -0.002179 -0.00139138 -0.00543296 0.00218302 0.999983 0.00434186
0.999964 -0.000273345 0.00846658 0.00488402 0.000293189 0.999997 -0.00234263 4.69233e-05 -0.00846592 0.00234503 0.999961 0.00839907
0.999934 0.000187466 0.0114984 0.00968994 -0.000158642 0.999997 -0.00250764 0.0014824 -0.0114989 0.00250565 0.999931 0.012442
0.999995 0.000219025 0.00306609 0.00934927 -0.000221357 1 0.000760399 -0.00328546 -0.00306592 -0.000761074 0.999995 0.00934075
0.999986 0.000278128 -0.00536635 0.0090345 -0.00025651 0.999992 0.00402884 -0.00806342 0.00536743 -0.00402741 0.999977 0.00625238
0.999998 -0.000510311 -0.00198748 0.00683126 0.000517202 0.999994 0.00346839 -0.00300914 0.0019857 -0.00346941 0.999992 0.00239596
0.999998 -0.00129686 0.00139185 0.00461107 0.00129281 0.999995 0.00291056 0.00204558 -0.00139561 -0.00290875 0.999995 -0.00145017
0.999986 -0.00208151 0.0047716 0.00237397 0.00207029 0.999995 0.00235535 0.00710071 -0.00477648 -0.00234544 0.999986 -0.00528594
0.999996 -0.00184864 0.00215317 0.00286098 0.0018433 0.999995 0.00248224 0.00167349 -0.00215775 -0.00247826 0.999995 -0.00173359
0.999999 -0.00161543 -0.000465236 0.00333746 0.00161664 0.999995 0.00260972 -0.00375338 0.000461018 -0.00261047 0.999996 0.00182072
0.999994 -0.00138188 -0.00308361 0.0038034 0.00139032 0.999995 0.0027378 -0.00917991 0.00307981 -0.00274208 0.999991 0.00537695
0.999983 -0.00114797 -0.00570194 0.00425879 0.00116433 0.999995 0.00286648 -0.0146061 0.00569862 -0.00287307 0.99998 0.00893508
0.999999 -0.000495775 -0.00115545 0.00371884 0.000494814 1 -0.000831791 -0.00640582 0.00115586 0.000831219 0.999999 0.00413259
0.999994 0.000173255 0.00338862 0.00316253 -0.000157894 0.99999 -0.00453305 0.00181252 -0.00338937 0.00453249 0.999984 -0.000637032
0.999997 0.000244093 0.00239556 0.000128264 -0.000239417 0.999998 -0.00195191 -0.001063 -0.00239603 0.00195133 0.999995 -0.00160288
0.999999 0.000317493 0.00140268 -0.00290526 -0.000318376 1 0.000629332 -0.00394078 -0.00140248 -0.000629778 0.999999 -0.00256432
1 0.000393456 0.000409999 -0.00593804 -0.00039477 0.999995 0.00321064 -0.00682082 -0.000408733 -0.0032108 0.999995 -0.00352134
1 0.000471981 -0.000582488 -0.00897008 -0.000468599 0.999983 0.00579201 -0.00970309 0.000585212 -0.00579173 0.999983 -0.00447394
0.999999 0.000553067 -0.00157477 -0.0120014 -0.000539862 0.999965 0.00837341 -0.0125876 0.00157934 -0.00837255 0.999964 -0.00542209
1 -0.000146521 -0.000706684 -0.00778699 0.000151147 0.999979 0.00655032 -0.007902 0.000705709 -0.00655043 0.999978 -0.000890994
1 -0.000844525 0.000162675 -0.00357186 0.000843746 0.999988 0.00472781 -0.00322175 -0.000166666 -0.00472767 0.999989 0.00364496
0.999998 -0.00154094 0.0010333 0.000643981 0.00153793 0.999995 0.00290589 0.00145315 -0.00103778 -0.0029043 0.999995 0.00818576
0.999996 -0.00223577 0.0019052 0.00486055 0.00223371 0.999997 0.00108457 0.0061227 -0.00190762 -0.00108031 0.999998 0.0127314
0.999992 -0.00292901 0.00277836 0.00907787 0.00293106 0.999995 -0.000736154 0.0107869 -0.00277619 0.000744291 0.999996 0.0172818
0.999996 -0.00249799 0.00111039 0.0162206 0.00249788 0.999997 0.000106421 0.00783772 -0.00111065 -0.000103647 0.999999 0.0106223
0.999998 -0.00206556 -0.000557221 0.0233731 0.00206609 0.999997 0.000949717 0.00487987 0.000555258 -0.000950866 0.999999 0.00397717
0.999996 -0.00163172 -0.00222446 0.0305354 0.00163571 0.999997 0.00179373 0.00191334 0.00222153 -0.00179736 0.999996 -0.00265353
0.999992 -0.00119647 -0.00389133 0.0377075 0.00120674 0.999996 0.00263846 -0.00106188 0.00388816 -0.00264313 0.999989 -0.00926976
1 -0.000741901 0.000184032 0.0156653 0.000741781 1 0.000652508 0.00414659 -0.000184516 -0.000652372 1 -0.00084589
0.999991 -0.000279225 0.00425848 -0.00634004 0.000284913 0.999999 -0.00133532 0.00934839 -0.00425811 0.00133653 0.99999 0.00767806
0.999997 7.30266e-05 0.00242548 -0.0115421 -7.53289e-05 1 0.000949129 0.00305447 -0.00242541 -0.000949309 0.999997 0.00530582
1 0.000429466 0.00059328 -0.0167421 -0.000431383 0.999995 0.00323423 -0.00324304 -0.000591888 -0.00323449 0.999995 0.00293843
0.999999 0.000790092 -0.0012381 -0.0219399 -0.000783246 0.999984 0.00551997 -0.00954412 0.00124244 -0.005519 0.999984 0.000575904
1 0.000206115 -0.00083504 -0.0172696 -0.000203411 0.999995 0.00323767 -0.00688239 0.000835703 -0.0032375 0.999994 -0.00314945
1 -0.00037694 -0.000430647 -0.0126023 0.000377351 0.999999 0.000955584 -0.00420944 0.000430286 -0.000955746 0.999999 -0.00687062
1 -0.00095907 -2.49231e-05 -0.00793803 0.000959036 0.999999 -0.00132627 -0.0015253 2.61951e-05 0.00132625 0.999999 -0.0105876
0.999999 -0.00154027 0.000382128 -0.00327686 0.00154164 0.999992 -0.00360788 0.00117004 -0.000376568 0.00360847 0.999993 -0.0143003
0.999997 -0.00212055 0.000790503 0.00138122 0.00212517 0.99998 -0.00588924 0.00387656 -0.000777999 0.0058909 0.999982 -0.0180087
0.999998 -0.00167703 0.000582478 0.00474707 0.00167928 0.999991 -0.00388346 0.00197649 -0.00057596 0.00388443 0.999992 -0.011547
0.999999 -0.00123309 0.000375342 0.00811075 0.00123379 0.999997 -0.00187758 8.78987e-05 -0.000373026 0.00187804 0.999998 -0.00508091
1 -0.000788739 0.000169098 0.0114723 0.000788717 1 0.000128405 -0.00178921 -0.000169199 -0.000128272 1 0.00138969
1 -0.000343975 -3.62552e-05 0.0148316 0.000344051 0.999998 0.00213448 -0.00365484 3.55209e-05 -0.00213449 0.999998 0.00786474
1 -0.00017181 0.000143309 0.00862831 0.000171404 0.999996 0.00283014 0.00113188 -0.000143795 -0.00283012 0.999996 0.00670601
1 2.29422e-07 0.000322993 0.00242563 -1.36822e-06 0.999994 0.00352578 0.00591885 -0.000322991 -0.00352578 0.999994 0.00554507
1 0.000172144 0.000502797 -0.00377643 -0.000174265 0.999991 0.00422138 0.0107061 -0.000502066 -0.00422146 0.999991 0.0043819
1 0.000167142 0.000111128 -0.00255336 -0.000167451 0.999996 0.00277835 0.00804111 -0.000110663 -0.00277837 0.999996 -0.000635657
1 0.000161576 -0.000280534 -0.00132832 -0.000161201 0.999999 0.00133531 0.00538337 0.00028075 -0.00133527 0.999999 -0.00565658
1 0.000155444 -0.000672188 -0.000101286 -0.000155516 1 -0.000107729 0.00273289 0.000672171 0.000107834 1 -0.0106809
0.999999 0.000148746 -0.00106383 0.00112773 -0.000150396 0.999999 -0.00155077 8.96764e-05 0.0010636 0.00155093 0.999998 -0.0157085
0.999999 0.000141484 -0.00145547 0.00235873 -0.000145841 0.999996 -0.00299382 -0.00254628 0.00145504 0.00299402 0.999994 -0.0207394
1 -0.000359787 -0.000249684 -0.00050135 0.000359267 0.999998 -0.00207939 -0.00498772 0.000250432 0.0020793 0.999998 -0.0118291
0.999999 -0.000862161 0.000955638 -0.00334947 0.000863273 0.999999 -0.00116435 -0.00742244 -0.000954634 0.00116517 0.999999 -0.00291313
0.999997 -0.00136564 0.0021605 -0.00618562 0.00136618 0.999999 -0.000248704 -0.00985044 -0.00216016 0.000251655 0.999998 0.00600848
0.999999 -0.00114181 0.000576463 -0.00422121 0.00114155 0.999999 0.000441267 -0.000605237 -0.000576966 -0.000440608 1 0.00514991
0.999999 -0.000916883 -0.00100742 -0.00225336 0.000918023 0.999999 0.00113159 0.00863894 0.00100638 -0.00113252 0.999999 0.00428808
0.999996 -0.000690864 -0.00259115 -0.000282085 0.000695587 0.999998 0.00182227 0.0178821 0.00258988 -0.00182407 0.999995 0.00342299
1 0.000392301 -0.000637107 0.00235526 -0.000392044 1 0.00040474 0.0134323 0.000637265 -0.000404491 1 0.00272737
0.999998 0.00147824 0.0013154 0.0049864 -0.0014769 0.999998 -0.00101491 0.00898072 -0.00131689 0.00101297 0.999999 0.0020203
0.999991 0.00256694 0.00326635 0.00761131 -0.00255898 0.999994 -0.00243668 0.00452726 -0.00327258 0.0024283 0.999992 0.00130177
0.99998 0.00365839 0.00521574 0.01023 -0.00363828 0.999986 -0.00386055 7.1994e-05 -0.00522979 0.00384149 0.999979 0.000571802
0.999963 0.00475259 0.00716355 0.0128424 -0.00471478 0.999975 -0.00528651 -0.00438507 -0.0071885 0.00525254 0.99996 -0.0001696
0.999941 0.00584953 0.00910978 0.0154485 -0.00578847 0.999961 -0.00671455 -0.00884391 -0.0091487 0.00666143 0.999936 -0.000922424
0.999991 0.00385179 0.00166368 0.0041522 -0.00384807 0.99999 -0.00223569 -0.0017761 -0.00167228 0.00222927 0.999996 -0.000388846
0.999981 0.00188712 -0.00579137 -0.00716148 -0.00187424 0.999996 0.00222863 0.00527161 0.00579555 -0.00221774 0.999981 2.89142e-05
0.999998 0.000551068 -0.00190782 -0.013229 -0.00054921 0.999999 0.000974136 0.00563529 0.00190835 -0.000973086 0.999998 0.00177411
0.999998 -0.000780139 0.00197743 -0.0192902 0.000780685 1 -0.000275206 0.0059887 -0.00197721 0.000276749 0.999998 0.00354332
0.999981 -0.00210648 0.0058643 -0.025345 0.00211542 0.999997 -0.00151937 0.00633183 -0.00586108 0.00153175 0.999982 0.00533651
0.999996 -0.0012328 0.0025373 -0.0162963 0.0012342 0.999999 -0.000548403 0.00178546 -0.00253662 0.000551532 0.999997 0.00107048
1 -0.00035587 -0.000788885 -0.00723746 0.000356205 1 0.000425491 -0.002773 0.000788733 -0.000425772 1 -0.003161
0.999991 0.000524309 -0.0041142 0.00183139 -0.000518544 0.999999 0.0014023 -0.00734351 0.00411493 -0.00140015 0.999991 -0.00735789
0.999999 0.00109255 -0.00103949 0.00649784 -0.00109395 0.999999 -0.00135072 -0.00107845 0.00103802 0.00135185 0.999999 -0.00488665
0.999997 0.00166924 0.00203365 0.0111755 -0.00166088 0.99999 -0.00410548 0.00517715 -0.00204048 0.00410208 0.99999 -0.00241253
0.999998 0.00120409 0.00160301 0.0111071 -0.00119892 0.999994 -0.0032224 0.00155357 -0.00160688 0.00322048 0.999994 -0.00137757
0.999999 0.000739312 0.00117196 0.0110399 -0.000736568 0.999997 -0.00233953 -0.00206912 -0.00117369 0.00233866 0.999997 -0.000339432
1 0.000274917 0.000740501 0.0109739 -0.000273838 0.999999 -0.00145685 -0.00569092 -0.000740901 0.00145665 0.999999 0.000701869
1 -0.000189097 0.000308633 0.0109092 0.000189274 1 -0.000574375 -0.00931184 -0.000308524 0.000574433 1 0.00174634
1 0.000203095 0.000317575 0.00516488 -0.000202793 1 -0.000948965 -0.0031889 -0.000317767 0.000948901 1 0.00016236
1 0.000595289 0.00032637 -0.000577081 -0.000594857 0.999999 -0.00132356 0.00293687 -0.000327158 0.00132337 0.999999 -0.00141927
0.999999 0.000987487 0.000335018 -0.00631666 -0.000986917 0.999998 -0.00169816 0.00906549 -0.000336695 0.00169783 0.999999 -0.00299855
1 0.00060266 0.000272676 -0.00835195 -0.000602214 0.999999 -0.00163317 0.00176255 -0.00027366 0.00163301 0.999999 -0.00480148
1 0.000217837 0.000210309 -0.0103843 -0.000217507 0.999999 -0.00156821 -0.00554129 -0.00021065 0.00156817 0.999999 -0.00660407
1 -0.000166982 0.000147917 -0.0124138 0.000167204 0.999999 -0.00150328 -0.012846 -0.000147666 0.0015033 0.999999 -0.00840631
1 -0.000693333 5.13487e-05 -0.00962995 0.000693412 0.999999 -0.00154946 -0.00993587 -5.02743e-05 0.0015495 0.999999 -0.0100295
0.999999 -0.00121969 -4.51953e-05 -0.00684753 0.00121962 0.999998 -0.0015957 -0.00702417 4.71414e-05 0.00159565 0.999999 -0.0116523
0.999998 -0.00174605 -0.000141715 -0.00406648 0.00174581 0.999997 -0.00164199 -0.00411094 0.000144581 0.00164174 0.999999 -0.0132747
0.999997 -0.00227241 -0.00023821 -0.00128681 0.00227201 0.999996 -0.00168833 -0.00119616 0.000242046 0.00168779 0.999999 -0.0148966
0.999996 -0.00279878 -0.000334681 0.00149149 0.0027982 0.999995 -0.00173472 0.00172015 0.000339534 0.00173378 0.999998 -0.0165182
0.999994 -0.00332515 -0.000431127 0.00426841 0.00332438 0.999993 -0.00178116 0.004638 0.000437047 0.00177972 0.999998 -0.0181394
0.999992 -0.00385153 -0.00052755 0.00704395 0.00385056 0.999991 -0.00182766 0.00755738 0.000534584 0.00182561 0.999998 -0.0197601
0.999997 -0.00247671 0.000195388 0.0117247 0.00247718 0.999994 -0.00243276 0.00283893 -0.000189361 0.00243323 0.999997 -0.0105957
0.999999 -0.00110146 0.000917492 0.0164055 0.00110424 0.999995 -0.00303885 -0.0018915 -0.00091414 0.00303986 0.999995 -0.00143743
1 0.000332222 0.00094649 0.0162527 -0.000330037 0.999997 -0.00230744 0.000649148 -0.000947254 0.00230713 0.999997 0.0018985
0.999998 0.00176588 0.000976537 0.0161036 -0.00176434 0.999997 -0.00157608 0.00319246 -0.000979317 0.00157436 0.999998 0.00523257
0.999994 0.00319951 0.00100763 0.0159583 -0.00319866 0.999995 -0.000844766 0.00573842 -0.00101033 0.000841538 0.999999 0.00856478
0.999997 0.00226184 0.000397777 0.00758373 -0.00226248 0.999996 0.00162352 0.00454798 -0.000394103 -0.00162442 0.999999 0.00579579
0.999999 0.00132568 -0.000214391 -0.000788016 -0.00132479 0.999991 0.00409123 0.00334284 0.000219813 -0.00409094 0.999992 0.00302466
1 0.000391024 -0.000828867 -0.00915693 -0.000385579 0.999978 0.00655834 0.00212302 0.000831414 -0.00655801 0.999978 0.000251414
0.999999 -0.000542109 -0.00144565 -0.017523 0.000555134 0.999959 0.00902482 0.000888498 0.0014407 -0.00902562 0.999958 -0.0025239
0.999999 -0.00104452 -0.000329571 -0.0166152 0.00104664 0.999978 0.00648921 0.002404 0.000322785 -0.00648955 0.999979 0.000467782
0.999999 -0.0015441 0.000787776 -0.0157048 0.00154097 0.999991 0.0039541 0.00391237 -0.000793874 -0.00395288 0.999992 0.00346228
0.999996 -0.00204084 0.00190638 -0.0147917 0.00203814 0.999997 0.00141951 0.00541359 -0.00190928 -0.00141562 0.999997 0.00645957
0.999998 -0.00163153 0.000721517 -0.00379766 0.00163122 0.999999 0.000436811 0.000533506 -0.000722229 -0.000435633 1 0.00407763
0.999999 -0.00122338 -0.000463753 0.00719725 0.00122313 0.999999 -0.000545411 -0.00434873 0.00046442 0.000544843 1 0.00170393
0.999998 -0.000816395 -0.00164942 0.018193 0.000813876 0.999999 -0.00152715 -0.00923313 0.00165067 0.0015258 0.999997 -0.000661541
1 -0.000457038 -0.000309105 0.0200163 0.000456675 0.999999 -0.00117434 -0.00460484 0.000309641 0.0011742 0.999999 -0.00233499
0.999999 -9.81524e-05 0.00103134 0.021839 9.90002e-05 1 -0.00082202 2.22139e-05 -0.00103126 0.000822122 0.999999 -0.00401251
1 0.000318542 0.000748502 0.012107 -0.000318186 1 -0.0004768 0.00577789 -0.000748654 0.000476562 1 -0.00217081
1 0.000735335 0.000465806 0.00237682 -0.000735274 1 -0.000131462 0.0115383 -0.000465903 0.00013112 1 -0.000333855
1 0.00065314 0.000140671 -0.00706548 -0.000653115 1 -0.000175087 0.00318905 -0.000140785 0.000174995 1 -0.00107944
1 0.00057093 -0.00018446 -0.0165069 -0.00057097 1 -0.000218738 -0.00516092 0.000184335 0.000218843 1 -0.00182845
1 9.20391e-05 0.000156296 -0.01125 -9.19061e-05 1 -0.000850799 -0.00805055 -0.000156374 0.000850785 1 -0.00597662
1 -0.000386637 0.000497355 -0.00599322 0.000387374 0.999999 -0.0014827 -0.010935 -0.000496782 0.00148289 0.999999 -0.0101284
0.999999 -0.000865096 0.000838717 -0.000736451 0.000866868 0.999997 -0.00211443 -0.0138144 -0.000836886 0.00211516 0.999997 -0.0142838
0.999999 -0.00118817 0.000534642 0.00516948 0.00118949 0.999996 -0.00247874 -0.00592826 -0.000531695 0.00247937 0.999997 -0.0121368
0.999999 -0.00151136 0.000230686 0.0110722 0.00151201 0.999995 -0.00284314 0.00195899 -0.000226388 0.00284349 0.999996 -0.0099852
0.999999 -0.00132654 4.83028e-05 0.00942923 0.00132662 0.999997 -0.00179831 0.00346865 -4.59171e-05 0.00179838 0.999998 -0.00487552
0.999999 -0.00114153 -0.000133887 0.0077856 0.00114143 0.999999 -0.000753445 0.00498396 0.000134747 0.000753292 1 0.000232283
0.999999 -0.00095633 -0.000315883 0.00614132 0.000956422 1 0.000291457 0.0065049 0.000315604 -0.000291759 1 0.0053382
1 -0.000770939 -0.000497686 0.0044964 0.000771604 0.999999 0.00133639 0.00803148 0.000496655 -0.00133678 0.999999 0.0104422
0.999999 -0.000991487 0.000191527 0.00102851 0.00099097 0.999996 0.0026811 0.00369882 -0.000194184 -0.00268091 0.999996 0.00745068
0.999999 -0.00121296 0.000880442 -0.00244049 0.00120941 0.999991 0.00402596 -0.00063863 -0.000885318 -0.00402489 0.999992 0.00446736
0.999998 -0.00143536 0.00156906 -0.0059106 0.00142691 0.999985 0.00537096 -0.00498084 -0.00157674 -0.00536871 0.999984 0.00149226
0.999996 -0.00165868 0.00225738 -0.0093818 0.00164349 0.999976 0.0067161 -0.00932781 -0.00226846 -0.00671236 0.999975 -0.0014746
0.999999 -0.00127347 0.000611604 -0.00492244 0.00127027 0.999986 0.00520646 -0.00673183 -0.000618225 -0.00520567 0.999986 -0.000681972
0.999999 -0.00089074 -0.00103475 -0.000463428 0.00089456 0.999993 0.00369742 -0.00413873 0.00103145 -0.00369834 0.999993 0.000121916
0.999996 -0.00051049 -0.00268168 0.00399522 0.000516361 0.999997 0.002189 -0.00154852 0.00268055 -0.00219037 0.999994 0.000937064
0.999991 -0.000132725 -0.00432917 0.0084535 0.000135675 1 0.000681195 0.00103877 0.00432908 -0.000681775 0.99999 0.00176347
0.999982 0.000242554 -0.00597722 0.0129114 -0.000247496 1 -0.000825981 0.00362314 0.00597701 0.000827446 0.999982 0.00260112
0.999971 0.000615345 -0.00762581 0.0173688 -0.000633149 0.999997 -0.00233252 0.00620455 0.00762435 0.00233728 0.999968 0.00345001
0.999956 0.000985646 -0.00927495 0.0218258 -0.00102128 0.999992 -0.00383842 0.00878301 0.00927109 0.00384772 0.99995 0.00431015
0.999999 0.000371286 -0.00160945 0.0184513 -0.000372267 1 -0.000609248 0.00692526 0.00160922 0.000609846 0.999999 0.00143417
0.999982 -0.000267872 0.00605412 0.0150559 0.000251985 0.999997 0.00262481 0.00505614 -0.0060548 -0.00262323 0.999978 -0.00140983
0.999996 -0.00107495 0.00242045 0.0105036 0.00106659 0.999994 0.00345173 -0.00094288 -0.00242415 -0.00344913 0.999991 0.00416615
0.999997 -0.00187901 -0.00121391 0.00593593 0.00188419 0.999989 0.00427568 -0.00694104 0.00120587 -0.00427796 0.99999 0.00973051
0.999998 -0.0019629 -0.000960051 0.00553975 0.00196381 0.999998 0.000949195 -0.00268952 0.000958186 -0.000951078 0.999999 0.00754271
0.999998 -0.00204594 -0.000705912 0.00514266 0.00204425 0.999995 -0.00237728 0.00156923 0.000710772 0.00237583 0.999997 0.00536917
0.999998 -0.00212813 -0.000451498 0.00474466 0.00212552 0.999981 -0.00570371 0.00583515 0.000463628 0.00570274 0.999984 0.00320991
0.999998 -0.00220948 -0.000196812 0.00434576 0.00220761 0.999957 -0.00903005 0.0101082 0.000216755 0.0090296 0.999959 0.00106495
0.999999 -0.000985085 0.000896506 0.00413259 0.00099126 0.999976 -0.00691345 0.00366941 -0.000889674 0.00691433 0.999976 -0.000536898
0.999998 0.000236994 0.00199241 0.00390984 -0.000227432 0.999988 -0.00479815 -0.0027725 -0.00199353 0.00479769 0.999987 -0.00212487
0.999994 0.00145675 0.0030909 0.0036775 -0.00144845 0.999995 -0.00268417 -0.00921747 -0.00309479 0.00267968 0.999992 -0.00369896
0.999998 0.00163194 0.00144297 0.00407086 -0.00163074 0.999998 -0.000833261 -0.00419126 -0.00144433 0.000830906 0.999999 -0.00181886
0.999998 0.00181017 -0.000204631 0.00446202 -0.00180996 0.999998 0.00101795 0.000838366 0.000206474 -0.00101758 0.999999 5.25701e-05
0.999996 0.00199145 -0.0018519 0.00485101 -0.00198613 0.999994 0.00286945 0.00587137 0.0018576 -0.00286576 0.999994 0.00191533
0.999992 0.00217578 -0.00349883 0.00523783 -0.00215925 0.999987 0.00472122 0.0109078 0.00350905 -0.00471363 0.999983 0.00376941
0.999984 0.00236315 -0.0051454 0.00562249 -0.0023293 0.999976 0.00657327 0.0159475 0.00516081 -0.00656118 0.999965 0.0056148
0.999974 0.00255355 -0.00679161 0.00600503 -0.0024963 0.999961 0.00842557 0.0209906 0.00681286 -0.00840839 0.999941 0.00745148
0.999997 0.00191048 -0.00117559 0.00560445 -0.00190537 0.999989 0.00433419 0.0145988 0.00118386 -0.00433194 0.99999 0.00466874
0.999989 0.00129031 0.00444305 0.00519204 -0.00129142 0.999999 0.000246132 0.00821812 -0.00444273 -0.000251867 0.99999 0.00186216
0.999949 0.000693083 0.010064 0.00476766 -0.000654481 0.999992 -0.00383842 0.00184876 -0.0100666 0.00383164 0.999942 -0.00096813
0.999994 0.000218287 0.0035528 0.00137537 -0.000204799 0.999993 -0.00379632 -0.00201285 -0.0035536 0.00379557 0.999986 -0.00833356
0.999996 -0.000256264 -0.00295861 -0.00196713 0.000245147 0.999993 -0.00375715 -0.00587626 0.00295955 0.00375641 0.999989 -0.0157208
1 -6.20202e-05 -0.000860184 -0.00292289 5.91264e-05 0.999994 -0.00336384 -0.00397105 0.000860388 0.00336379 0.999994 -0.00580398
0.999999 0.000131399 0.00123832 -0.00385748 -0.00012772 0.999996 -0.00297092 -0.00206177 -0.0012387 0.00297076 0.999995 0.00411405
0.999994 0.000323993 0.00333689 -0.00477089 -0.00031539 0.999997 -0.0025784 -0.000148416 -0.00333772 0.00257733 0.999991 0.0140333
0.999999 0.000699481 0.00112015 -0.00498348 -0.000699602 1 0.000107475 0.000767826 -0.00112007 -0.000108259 0.999999 0.00666875
0.999999 0.00108092 -0.00109559 -0.0051794 -0.00107785 0.999996 0.00279419 0.00166435 0.0010986 -0.00279301 0.999995 -0.000698659
0.999993 0.0014683 -0.00331029 -0.00535865 -0.00145014 0.999984 0.00548172 0.00254116 0.00331828 -0.00547689 0.999979 -0.00806887
0.999999 0.00104085 -0.000815197 -0.00593424 -0.00103845 0.999995 0.00294783 0.00265681 0.000818262 -0.00294699 0.999995 -0.00218515
0.999998 0.000619715 0.00168097 -0.00649519 -0.000620414 1 0.000414963 0.00275732 -0.00168072 -0.000416005 0.999999 0.00370026
0.999991 0.000204899 0.00417819 -0.00704148 -0.000196055 0.999998 -0.00211686 0.00284269 -0.00417862 0.00211602 0.999989 0.00958729
0.999998 0.000180725 0.00211701 -0.00259164 -0.000178648 1 -0.000981134 0.00065908 -0.00211719 0.000980754 0.999997 0.00379371
1 0.000158891 5.58041e-05 0.00187016 -0.0001589 1 0.000154554 -0.00153101 -5.57795e-05 -0.000154563 1 -0.0019882
0.999998 0.000139398 -0.00200543 0.00634392 -0.00013681 0.999999 0.0012902 -0.00372757 0.00200561 -0.00128992 0.999997 -0.00775841
0.999999 0.00108867 -0.000500161 0.00847018 -0.00108937 0.999998 -0.00141543 0.0042805 0.000498619 0.00141598 0.999999 -0.00418422
0.999997 0.002042 0.00100254 0.0106094 -0.00203785 0.999989 -0.00412249 0.0122769 -0.00101094 0.00412043 0.999991 -0.000591584
0.999992 0.0029994 0.00250264 0.0127617 -0.00298224 0.999972 -0.00683093 0.0202614 -0.00252306 0.00682341 0.999974 0.00301945
0.999995 0.00257866 0.00173664 0.0112631 -0.00257091 0.999987 -0.0044474 0.0131572 -0.00174808 0.00444291 0.999989 0.00550801
0.999997 0.00215974 0.000969631 0.00976548 -0.00215774 0.999996 -0.00206416 0.00605833 -0.000974085 0.00206206 0.999997 0.00801233
0.999998 0.00174266 0.000201628 0.00826891 -0.00174272 0.999998 0.000318773 -0.0010352 -0.000201072 -0.000319124 1 0.0105324
0.999999 0.0013274 -0.000567367 0.00677335 -0.00132586 0.999995 0.00270138 -0.00812332 0.00057095 -0.00270063 0.999996 0.0130682
0.999999 0.00137555 0.000556902 0.00160836 -0.00137603 0.999999 0.000865398 0.00112392 -0.00055571 -0.000866163 0.999999 0.00800972
0.999998 0.00142577 0.00168108 -0.00356184 -0.00142414 0.999999 -0.000970647 0.0103807 -0.00168246 0.000968251 0.999998 0.00297399
0.999997 0.00194953 0.00156451 -0.00463296 -0.00194355 0.999991 -0.00381953 0.0101696 -0.00157194 0.00381648 0.999991 0.000193419
0.999996 0.00247297 0.00144644 -0.00570387 -0.00246327 0.999975 -0.00666832 0.00996693 -0.0014629 0.00666473 0.999977 -0.00258786
0.999995 0.00299606 0.00132689 -0.00677456 -0.0029833 0.99995 -0.009517 0.00977277 -0.00135533 0.00951299 0.999954 -0.00536983
0.999998 0.00186732 0.000776009 -0.00325226 -0.00186115 0.999967 -0.00788346 -9.32645e-05 -0.000790704 0.007882 0.999969 -0.00890537
1 0.000739486 0.000223287 0.000283118 -0.000738076 0.99998 -0.00625052 -0.00996109 -0.000227905 0.00625035 0.99998 -0.0124228
1 0.000423092 0.000395075 -0.00342642 -0.000421747 0.999994 -0.00340033 -0.00602735 -0.000396511 0.00340016 0.999994 -0.00773866
1 0.000106211 0.00056596 -0.00713642 -0.000105899 1 -0.000550055 -0.00208146 -0.000566018 0.000549995 1 -0.00306509
1 -0.000211157 0.000735941 -0.0108469 0.000209464 0.999997 0.00230028 0.00187657 -0.000736425 -0.00230012 0.999997 0.00159784
1 -0.000544549 -6.26819e-05 -0.00580231 0.000544731 0.999996 0.00292731 0.00260367 6.10876e-05 -0.00292734 0.999996 0.000493282
0.999999 -0.000877441 -0.000861514 -0.000757114 0.000880498 0.999993 0.00355407 0.00333177 0.000858389 -0.00355482 0.999993 -0.00060771
0.999998 -0.00120983 -0.00166055 0.00428872 0.00121676 0.999991 0.00418055 0.00406088 0.00165548 -0.00418257 0.99999 -0.00170513
0.999996 -0.00154172 -0.0024598 0.00933518 0.00155353 0.999987 0.00480677 0.00479099 0.00245236 -0.00481057 0.999985 -0.00279899
0.999993 -0.0018731 -0.00325925 0.0143823 0.00189079 0.999983 0.00543272 0.00552211 0.00324902 -0.00543885 0.99998 -0.00388928
0.999989 -0.00220399 -0.00405891 0.01943 0.00222856 0.999979 0.0060584 0.00625424 0.00404547 -0.00606738 0.999973 -0.004976
0.999985 -0.00253437 -0.00485878 0.0244783 0.00256682 0.999974 0.00668381 0.00698739 0.00484171 -0.00669618 0.999966 -0.00605915
0.999998 -0.00199816 -0.000943146 0.0208981 0.00200116 0.999993 0.00319839 0.00782241 0.000936749 -0.00320027 0.999994 0.000341123
0.999995 -0.00144826 0.0029706 0.0173434 0.00144913 0.999999 -0.000289247 0.00863707 -0.00297018 0.00029355 0.999996 0.00675823
0.999999 1.65398e-05 0.00163098 0.00859695 -1.72818e-05 1 0.000454978 0.00568655 -0.00163097 -0.000455006 0.999999 0.00222395
0.999999 0.00148234 0.000292436 -0.000147743 -0.00148269 0.999998 0.00120117 0.00274545 -0.000290655 -0.0012016 0.999999 -0.00231986
0.999995 0.00294914 -0.00104501 -0.00889065 -0.0029471 0.999994 0.00194931 -0.000186243 0.00105075 -0.00194622 0.999998 -0.00687318
0.999998 0.00183547 -0.000378733 -0.00478381 -0.00183521 0.999998 0.000680149 -0.00441083 0.00037998 -0.000679453 1 -0.00950934
1 0.000722638 0.000288955 -0.000674031 -0.000722468 1 -0.000588275 -0.00862749 -0.00028938 0.000588066 1 -0.0121536
0.999999 -0.000389347 0.000958054 0.00343866 0.000391125 0.999998 -0.00185595 -0.0128362 -0.00095733 0.00185633 0.999998 -0.0148059
0.999999 -0.000581418 0.000985007 0.00715159 0.000583664 0.999997 -0.00228074 -0.00672233 -0.000983678 0.00228131 0.999997 -0.0119328
0.999999 -0.000773478 0.00101204 0.0108634 0.000776214 0.999996 -0.00270552 -0.000608943 -0.00100994 0.0027063 0.999996 -0.00905719
0.999999 -0.000965527 0.00103916 0.0145742 0.000968775 0.999995 -0.00313029 0.00550393 -0.00103613 0.0031313 0.999995 -0.00617907
0.999999 -0.00115756 0.00106636 0.0182838 0.00116135 0.999993 -0.00355506 0.0116163 -0.00106223 0.00355629 0.999993 -0.00329845
0.999999 -0.00134959 0.00109363 0.0219923 0.00135393 0.999991 -0.00397982 0.0177281 -0.00108825 0.0039813 0.999991 -0.000415329
1 -0.000437973 0.000781169 0.0197055 0.000441403 0.99999 -0.00439564 0.0114271 -0.000779236 0.00439599 0.99999 0.00185481
1 0.000473513 0.000468324 0.0174121 -0.000471255 0.999988 -0.00481118 0.00512713 -0.000470596 0.00481096 0.999988 0.00412163
0.999999 0.00138487 0.0001551 0.0151123 -0.00138404 0.999985 -0.00522643 -0.00117164 -0.000162336 0.00522621 0.999986 0.00638513
0.999999 0.00145222 0.000950841 0.00705443 -0.00144706 0.999984 -0.00540573 -0.00159567 -0.000958676 0.00540435 0.999985 0.00195981
0.999997 0.00151971 0.00174657 -0.001007 -0.00150993 0.999983 -0.00558509 -0.0020184 -0.00175503 0.00558244 0.999983 -0.00245917
0.999996 0.00158734 0.00254228 -0.00907197 -0.00157267 0.999982 -0.0057645 -0.00243983 -0.00255139 0.00576048 0.99998 -0.00687181
0.999997 0.00180598 0.00145685 -0.00884063 -0.00179936 0.999988 -0.00453217 0.00245837 -0.00146502 0.00452954 0.999989 -0.00360737
0.999998 0.00202595 0.000371685 -0.00861172 -0.00202472 0.999992 -0.00329959 0.00736053 -0.000378367 0.00329883 0.999995 -0.000348727
0.999999 0.00153898 0.000103335 -0.0028856 -0.00153893 0.999999 -0.000497175 0.00426876 -0.0001041 0.000497015 1 -0.00209225
0.999999 0.00105276 -0.000166379 0.00284249 -0.00105237 0.999997 0.00230511 0.0011749 0.000168806 -0.00230493 0.999997 -0.00382557
1 0.000567298 -0.000437455 0.00857255 -0.000565056 0.999987 0.00510724 -0.00192101 0.000440347 -0.005107 0.999987 -0.00554867
1 8.25961e-05 -0.00070989 0.0143046 -7.69789e-05 0.999969 0.00790921 -0.00501896 0.000710521 -0.00790915 0.999968 -0.00726155
1 -0.000467473 -8.15822e-05 0.0102013 0.000467875 0.999987 0.0049915 -0.000845688 7.92478e-05 -0.00499153 0.999988 -0.00251316
0.999999 -0.00101571 0.000548327 0.00609874 0.00101457 0.999997 0.00207408 0.00331146 -0.000550433 -0.00207353 0.999998 0.00224997
0.999998 -0.0015621 0.00117983 0.00199693 0.00156309 0.999998 -0.000842998 0.00745246 -0.00117852 0.00084484 0.999999 0.00702781
0.999999 -0.0013831 0.000916265 0.00241105 0.00138362 0.999999 -0.000569709 0.00436237 -0.000915476 0.000570976 0.999999 0.00501052
0.999999 -0.00120403 0.000652745 0.00282515 0.00120422 0.999999 -0.000296374 0.00127165 -0.000652387 0.000297159 1 0.00299418
0.999999 -0.00102489 0.000389273 0.00323923 0.0010249 0.999999 -2.29904e-05 -0.00181969 -0.00038925 2.33894e-05 1 0.000978802
1 -0.000845672 0.000125851 0.00365329 0.00084564 1 0.00025044 -0.00491166 -0.000126063 -0.000250333 1 -0.00103562
1 -0.000666385 -0.000137522 0.00406732 0.000666457 1 0.000523918 -0.00800425 0.000137173 -0.000524009 1 -0.0030491
1 -0.000487025 -0.000400846 0.00448133 0.000487345 1 0.000797442 -0.0110975 0.000400458 -0.000797638 1 -0.00506161
1 -0.000307594 -0.000664121 0.00489531 0.000308305 0.999999 0.00107101 -0.0141913 0.000663792 -0.00107122 0.999999 -0.00707317
1 -0.000128091 -0.000927348 0.00530927 0.000129338 0.999999 0.00134463 -0.0172858 0.000927175 -0.00134475 0.999999 -0.00908378
1 -0.00028147 0.000162406 0.00345757 0.000281419 1 0.000312603 -0.00938303 -0.000162494 -0.000312557 1 -0.00580799
0.999999 -0.000433724 0.00125232 0.00160825 0.000434625 1 -0.000719261 -0.00148395 -0.001252 0.000719805 0.999999 -0.00252203
0.999997 -0.000584852 0.00234238 -0.000238687 0.000588954 0.999998 -0.00175096 0.00641145 -0.00234136 0.00175233 0.999996 0.000774086
0.999999 -0.000593722 0.00143851 0.00221777 0.000593765 1 -2.93312e-05 0.0041607 -0.00143849 3.01853e-05 0.999999 0.00395905
1 -0.000601036 0.000534621 0.00467136 0.00060013 0.999998 0.00169229 0.00191545 -0.000535637 -0.00169197 0.999998 0.00715011
1 -0.000606793 -0.00036928 0.00712208 0.00060805 0.999994 0.0034139 -0.000324286 0.000367206 -0.00341413 0.999994 0.0103472
0.999999 -0.000610993 -0.00127319 0.00956992 0.000617524 0.999987 0.00513549 -0.00255849 0.00127003 -0.00513628 0.999986 0.0135504
0.999997 -0.000613637 -0.0021771 0.0120149 0.000628552 0.999976 0.00685706 -0.00478715 0.00217284 -0.00685841 0.999974 0.0167597
1 -0.000374143 -4.76612e-05 0.00979812 0.000374372 0.999988 0.00489758 -0.000217422 4.58282e-05 -0.0048976 0.999988 0.0102585
