1 0 0 0 0 1 0 0 0 0 1 0
0.999999 -0.000891131 0.000489146 0.0277044 0.000891861 0.999999 -0.00149399 -0.00297286 -0.000487814 0.00149442 0.999999 -0.00438138
0.999998 -0.00142304 0.00169684 0.0493381 0.00143297 0.999982 -0.00587033 0.00030999 -0.00168845 0.00587275 0.999981 -0.000361146
0.999999 -0.000938592 0.00126806 0.0449115 0.000948675 0.999968 -0.00797441 0.00464004 -0.00126054 0.0079756 0.999967 0.014885
1 -0.000587397 -3.62247e-06 0.0460473 0.000587361 0.999978 -0.00653498 0.0087189 7.46102e-06 0.00653498 0.999979 0.015632
1 -0.000430992 -0.000275709 0.03561 0.000429539 0.999986 -0.00524886 0.0053356 0.000277968 0.00524874 0.999986 0.0204637
1 -0.000274238 -0.000547595 0.0251708 0.000272066 0.999992 -0.00396269 0.00196016 0.000548677 0.00396254 0.999992 0.025297
1 -9.69828e-05 0.000257593 0.0279093 9.73211e-05 0.999999 -0.00131369 0.00187185 -0.000257466 0.00131372 0.999999 0.0288107
1 6.73004e-05 0.000941451 0.0337518 -6.45505e-05 0.999996 -0.00292058 0.00156794 -0.000941644 0.00292052 0.999995 0.0222911
1 7.04615e-05 0.000616875 0.0297273 -6.90167e-05 0.999997 -0.00234183 0.0033743 -0.000617039 0.00234179 0.999997 0.00849599
1 7.38104e-05 0.000292301 0.0257072 -7.3295e-05 0.999998 -0.00176308 0.0051727 -0.000292431 0.00176306 0.999998 -0.00530148
1 0.000255357 0.000678781 0.0260348 -0.000253891 0.999998 -0.00215852 0.00266803 -0.00067933 0.00215835 0.999997 -0.00934021
0.999999 0.000437056 0.00106519 0.0263602 -0.000434334 0.999997 -0.00255403 0.000164895 -0.0010663 0.00255357 0.999996 -0.0133801
0.999999 0.000618908 0.00145152 0.0266837 -0.000614624 0.999995 -0.00294961 -0.0023367 -0.00145334 0.00294872 0.999995 -0.017421
0.999997 0.000260785 0.00240122 0.0252205 -0.000247895 0.999986 -0.00536716 0.000111513 -0.00240259 0.00536655 0.999983 -0.00959316
0.999996 -0.000815019 0.00271528 0.00230116 0.000835116 0.999972 -0.00740853 -0.00280883 -0.00270917 0.00741077 0.999969 -0.00895767
0.999994 -0.00189018 0.00303153 -0.0206148 0.00191875 0.999954 -0.00944953 -0.00575517 -0.00301353 0.00945528 0.999951 -0.00832114
0.999995 -0.000748883 0.0030431 0.00732842 0.000777588 0.999955 -0.00944259 -0.00487758 -0.00303589 0.00944491 0.999951 -0.0141314
0.999995 0.000392413 0.00305468 0.0352725 -0.000363574 0.999955 -0.00943567 -0.00403194 -0.00305825 0.00943452 0.999951 -0.0199423
0.999998 0.000575009 0.00169513 0.0298411 -0.000567036 0.999989 -0.00470007 0.00587575 -0.00169781 0.0046991 0.999988 -0.00793189
1 0.000764041 0.000336454 0.0243953 -0.000764053 1 3.59148e-05 0.0158412 -0.000336427 -3.61719e-05 1 0.00402403
0.999999 0.00108672 -0.000644023 0.035811 -0.00108469 0.999995 0.00313557 0.0106812 0.000647427 -0.00313487 0.999995 0.0198577
1 0.000254527 1.20005e-05 0.0372013 -0.000254598 0.99998 0.00636596 0.0110827 -1.03799e-05 -0.00636596 0.99998 0.0270466
1 -0.00057978 0.000665332 0.0385961 0.000573368 0.999954 0.00959682 0.0115086 -0.000670865 -0.00959643 0.999954 0.0342333
1 -0.000877862 -5.64851e-05 0.0327257 0.000878239 0.999975 0.00705288 0.0165401 5.02922e-05 -0.00705293 0.999975 0.0291562
0.999999 -0.00117778 -0.000777541 0.0268574 0.00118127 0.999989 0.00450868 0.0215828 0.000772223 -0.0045096 0.99999 0.0240877
1 -0.000934288 0.000344467 0.0302002 0.000934779 0.999999 -0.0014273 0.0127305 -0.000343133 0.00142762 0.999999 0.0246642
0.999999 -0.000684139 0.00146501 0.0335414 0.000694909 0.999973 -0.00736351 0.00387413 -0.00145993 0.00736452 0.999972 0.0251845
1 -1.34508e-05 0.00067493 0.0292713 1.90916e-05 0.999965 -0.0083583 -0.00405845 -0.000674794 0.00835831 0.999965 0.0131887
1 0.000656452 -0.000115817 0.0250053 -0.000657506 0.999956 -0.00935254 -0.0119762 0.000109672 0.00935261 0.999956 0.00118159
1 0.000920028 0.000299822 0.0267165 -0.000917357 0.999961 -0.00879035 -0.0130635 -0.000307898 0.00879007 0.999961 -0.000759124
0.999999 0.00118337 0.00071561 0.0284266 -0.00117744 0.999965 -0.00822827 -0.0141523 -0.000725322 0.00822741 0.999966 -0.00269994
1 0.000700289 0.000496507 0.0222282 -0.000696763 0.999975 -0.00706656 -0.00614498 -0.000501443 0.00706621 0.999975 -0.00642546
1 0.000217462 0.000276843 0.0160267 -0.000215823 0.999983 -0.00590495 0.00185499 -0.000278122 0.00590489 0.999983 -0.0101616
1 -0.00091192 -0.00015957 0.0173634 0.000911334 0.999993 -0.0036312 0.00249936 0.00016288 0.00363106 0.999993 -0.00462145
0.999998 -0.0020403 -0.000598549 0.018697 0.00203949 0.999997 -0.00135793 0.00315782 0.000601318 0.00135671 0.999999 0.000917846
0.999994 -0.00316768 -0.00104009 0.0200273 0.00316864 0.999995 0.00091485 0.00383038 0.00103719 -0.00091814 0.999999 0.00645622
0.999994 -0.00326209 -0.000904575 0.0356719 0.00326277 0.999994 0.000747988 0.00511583 0.00090213 -0.000750935 0.999999 0.0168909
0.999996 -0.00259538 -0.00103983 0.0364555 0.00259711 0.999995 0.00166438 0.0135357 0.00103551 -0.00166707 0.999998 0.0186544
0.999997 -0.00192854 -0.00117448 0.0372444 0.00193157 0.999995 0.00258085 0.0219567 0.0011695 -0.00258312 0.999996 0.0204102
0.999998 -0.00162675 -0.000859782 0.0376603 0.00162956 0.999993 0.00327945 0.0140888 0.000854441 -0.00328085 0.999994 0.022889
0.999999 -0.00132518 -0.000544873 0.0380745 0.00132734 0.999991 0.00397795 0.0062224 0.000539596 -0.00397867 0.999992 0.0253732
0.999999 -0.00102383 -0.000229753 0.0384871 0.00102489 0.999989 0.00467636 -0.00164235 0.000224962 -0.00467659 0.999989 0.0278627
0.999999 -0.00129203 -0.000597501 0.0293954 0.00129443 0.999991 0.0040219 0.00196306 0.000592299 -0.00402267 0.999992 0.0194122
0.999998 -0.00156048 -0.000965073 0.0203057 0.00156372 0.999993 0.00336735 0.00557154 0.000959812 -0.00336885 0.999994 0.0109608
0.999997 -0.00165926 -0.00175439 0.0253645 0.00166513 0.999993 0.00335465 0.00750213 0.00174881 -0.00335756 0.999993 0.0153954
0.999995 -0.00175804 -0.0025437 0.0304196 0.00176654 0.999993 0.00334188 0.00943318 0.00253781 -0.00334635 0.999991 0.0198339
0.999993 -0.00185684 -0.00333301 0.035471 0.00186794 0.999993 0.00332902 0.0113647 0.0033268 -0.00333522 0.999989 0.0242765
0.99999 -0.00195565 -0.00412231 0.0405187 0.00196932 0.999993 0.00331609 0.0132967 0.0041158 -0.00332417 0.999986 0.028723
0.999996 -0.00216997 -0.00188694 0.040675 0.00217476 0.999994 0.00253816 0.0101532 0.00188142 -0.00254225 0.999995 0.0251298
0.999997 -0.00238255 0.000348619 0.0408238 0.00238193 0.999996 0.00176069 0.00701257 -0.000352813 -0.00175985 0.999998 0.0215337
0.999996 -0.00273944 0.00103592 0.032057 0.00273803 0.999995 0.0013599 0.00510245 -0.00103964 -0.00135706 0.999999 0.00143558
0.999994 -0.00309604 0.00172336 0.023277 0.00309439 0.999995 0.000959355 0.00319728 -0.00172632 -0.000954016 0.999998 -0.0186573
0.999996 -0.00244891 0.00122496 0.004139 0.00245043 0.999996 -0.00123813 0.00385733 -0.00122192 0.00124112 0.999999 -0.0278695
0.999996 -0.00271732 0.000603369 0.0133267 0.00271862 0.999994 -0.00216221 0.00141421 -0.00059749 0.00216384 0.999997 -0.00912882
0.999996 -0.00298629 -1.79757e-05 0.0225033 0.00298622 0.999991 -0.00308646 -0.00104377 2.71926e-05 0.00308639 0.999995 0.00961533
0.999995 -0.00325584 -0.000639071 0.031669 0.00325325 0.999987 -0.00401087 -0.00351663 0.000652121 0.00400877 0.999992 0.0283629
0.999997 -0.00187991 -0.00162603 0.0387149 0.00188248 0.999997 0.00157972 0.00191464 0.00162306 -0.00158277 0.999997 0.0204304
0.999996 -0.00049849 -0.00260528 0.045776 0.000517163 0.999974 0.0071716 0.00729179 0.00260164 -0.00717292 0.999971 0.0124746
0.999996 -0.000483364 -0.00273457 0.0418105 0.000510552 0.99995 0.00995059 0.0113083 0.00272963 -0.00995194 0.999947 0.0190343
0.999996 -0.000467878 -0.00286382 0.0378442 0.000504297 0.999919 0.0127295 0.0153431 0.00285763 -0.0127309 0.999915 0.0255823
0.999995 -0.000452034 -0.00299302 0.0338772 0.000498398 0.99988 0.0155083 0.0193962 0.00298565 -0.0155097 0.999875 0.0321186
0.999998 -0.000934385 -0.00201724 0.0307794 0.000963306 0.999896 0.0143839 0.0239605 0.00200359 -0.0143858 0.999894 0.0282497
0.999998 -0.00141564 -0.00104092 0.0276756 0.00142932 0.999911 0.0132599 0.0285277 0.00102206 -0.0132614 0.999912 0.0243889
0.999997 -0.00196747 -0.00122008 0.0296665 0.00197389 0.999984 0.00528184 0.00728561 0.00120967 -0.00528423 0.999985 0.0151637
0.999996 -0.00252072 -0.00139484 0.0316707 0.00251695 0.999993 -0.00269665 -0.0138812 0.00140163 0.00269313 0.999995 0.0057697
0.999998 -0.00177503 -0.000601223 0.0440329 0.00177163 0.999983 -0.00560535 -0.00925032 0.000611163 0.00560427 0.999984 0.0111177
1 -0.00066849 2.3147e-05 0.0325372 0.000668525 0.999999 -0.00156165 0.00601733 -2.2103e-05 0.00156166 0.999999 0.00146509
1 -0.000308015 0.000106626 0.0265033 0.000307364 0.999982 0.00604801 0.0160692 -0.000108487 -0.00604797 0.999982 0.00123158
0.999999 -0.000661305 -0.000897885 0.0225003 0.000669971 0.999953 0.00968554 0.0145772 0.000891437 -0.00968614 0.999953 0.0109143
0.999998 -0.00101094 -0.00190367 0.0184881 0.00103621 0.999911 0.0133226 0.013119 0.00189003 -0.0133245 0.999909 0.0205983
0.999995 -0.00135691 -0.00291072 0.0144668 0.00140608 0.999855 0.0169591 0.0116946 0.00288729 -0.0169631 0.999852 0.0302835
0.999991 -0.00169921 -0.00391903 0.0104362 0.00177958 0.999786 0.020595 0.010304 0.00388319 -0.0206018 0.99978 0.0399699
0.999995 -0.00175798 -0.00261462 0.0165521 0.0017962 0.999891 0.0146897 0.0090568 0.00258851 -0.0146943 0.999889 0.0396991
0.999998 -0.00164231 -0.00116723 0.0205405 0.00164957 0.999979 0.00625331 0.0106782 0.00115694 -0.00625522 0.99998 0.0217192
0.999999 -0.00151442 0.00027913 0.0245031 0.00151503 0.999996 -0.00218375 0.0124507 -0.000275822 0.00218417 0.999998 0.00374778
0.999998 -0.00137434 0.00172436 0.0284399 0.00139258 0.999943 -0.0106208 0.0143743 -0.00170967 0.0106232 0.999942 -0.0142137
0.999994 -0.00122206 0.00316836 0.0323511 0.00128223 0.999818 -0.0190573 0.0164489 -0.00314449 0.0190613 0.999813 -0.032164
0.999995 -0.000919036 0.00297664 0.0304064 0.00098008 0.999788 -0.0205716 0.00247663 -0.0029571 0.0205744 0.999784 -0.0372828
0.999999 -0.000891509 0.0011976 0.0311446 0.000903827 0.999946 -0.0103246 -0.00159541 -0.00118833 0.0103257 0.999946 -0.0170018
0.999999 -0.000845749 -0.000581068 0.0318464 0.000845705 1 -7.64805e-05 -0.00545942 0.000581133 7.59891e-05 1 0.00332109
0.999998 -0.000829858 -0.00161148 0.0371823 0.000845451 0.999953 0.00969974 0.00185892 0.00160335 -0.00970108 0.999952 0.0230389
0.999999 -0.000483466 -0.00142999 0.0216093 0.000498013 0.999948 0.0101895 0.0153571 0.00142499 -0.0101902 0.999947 0.0275132
0.999998 -0.00039697 -0.00174165 0.0141099 0.000412539 0.99996 0.00894832 0.0181817 0.00173803 -0.00894902 0.999958 0.031743
0.999998 -0.000645737 -0.00163431 0.0148648 0.000656992 0.999976 0.00689552 0.0151155 0.00162981 -0.00689658 0.999975 0.028187
0.999998 -0.000894283 -0.00152645 0.0156201 0.000901666 0.999988 0.00484272 0.0120569 0.0015221 -0.00484408 0.999987 0.0246246
0.999999 -0.000815565 -0.00068826 0.0293502 0.000816654 0.999998 0.00158357 0.00678767 0.000686967 -0.00158413 0.999999 0.0229181
1 -0.000734114 0.00014967 0.0430784 0.000734364 0.999998 -0.00167566 0.00152296 -0.00014844 0.00167577 0.999999 0.021183
1 -0.000459295 0.000433682 0.0468331 0.000460943 0.999993 -0.00380791 0.00147959 -0.00043193 0.00380811 0.999993 0.012315
1 -0.000343607 0.000446235 0.0418186 0.000345925 0.999986 -0.00520527 0.00970368 -0.000444441 0.00520543 0.999986 0.00179667
1 -0.000227902 0.000458627 0.0368049 0.000230925 0.999978 -0.00660263 0.017943 -0.000457112 0.00660273 0.999978 -0.00871012
1 -0.0002941 0.000554847 0.0299604 0.000297223 0.999984 -0.00563717 0.0165408 -0.00055318 0.00563734 0.999984 -0.00672127
1 -0.000492626 0.000255436 0.0325006 0.000493767 0.99999 -0.00448495 0.00881283 -0.000253224 0.00448507 0.99999 -0.000151296
1 -0.000480101 0.000497193 0.0267245 0.000482785 0.999985 -0.00541291 0.00462461 -0.000494587 0.00541315 0.999985 0.002033
1 -0.000330785 9.11631e-05 0.0308597 0.000331105 0.999994 -0.00354094 0.00619756 -8.99912e-05 0.00354097 0.999994 0.00468558
1 -0.000180708 -0.000314587 0.034994 0.000180183 0.999999 -0.00166889 0.00777486 0.000314888 0.00166883 0.999999 0.00733688
1 -2.98729e-05 -0.000720054 0.0391275 3.00193e-05 1 0.000203232 0.00935649 0.000720048 -0.000203253 1 0.00998691
0.999999 0.000121721 -0.00112524 0.0432601 -0.000119386 0.999998 0.00207541 0.0109425 0.00112549 -0.00207527 0.999997 0.0126356
1 -0.00016428 -0.000967828 0.0505422 0.000167171 0.999996 0.00298777 0.0170005 0.000967333 -0.00298793 0.999995 0.023704
0.999999 -0.000668787 -0.00122358 0.0469387 0.000673505 0.999992 0.00385936 0.0159009 0.00122099 -0.00386018 0.999992 0.0325653
0.999998 -0.00117307 -0.00147978 0.0433335 0.00118006 0.999988 0.00473083 0.0148072 0.00147421 -0.00473257 0.999988 0.0414266
0.999996 -0.0016185 -0.00224564 0.0374833 0.00163052 0.999984 0.00536264 0.0114755 0.00223692 -0.00536628 0.999983 0.0354602
0.999993 -0.00206344 -0.00301178 0.0316391 0.00208146 0.99998 0.0059941 0.00813729 0.00299935 -0.00600032 0.999978 0.0294915
0.99999 -0.00250789 -0.00377819 0.025801 0.00253289 0.999975 0.00662521 0.00479273 0.00376148 -0.00663471 0.999971 0.0235204
0.999985 -0.00295186 -0.00454489 0.0199689 0.00298479 0.999969 0.00725597 0.00144177 0.00452333 -0.00726943 0.999963 0.017547
0.99998 -0.00339534 -0.00531186 0.0141429 0.00343717 0.999963 0.00788639 -0.0019156 0.00528489 -0.00790449 0.999955 0.0115713
0.999974 -0.00383833 -0.00607911 0.00832304 0.00389004 0.999956 0.00851646 -0.00527935 0.00604616 -0.00853988 0.999945 0.00559329
0.999998 -0.00169051 -0.000707583 0.00360984 0.00169021 0.999998 -0.000428501 0.00383794 0.000708306 0.000427305 1 0.0159794
0.999997 0.000705738 0.00218488 0.00190278 -0.000697929 0.999993 -0.00357302 0.0177094 -0.00218739 0.00357149 0.999991 0.00714924
0.999997 0.00150497 0.00178187 0.0126827 -0.00150189 0.999997 -0.00173173 0.0174838 -0.00178447 0.00172904 0.999997 -0.0010947
1 0.000675844 0.000148828 0.035228 -0.000676171 0.999997 0.00221358 0.0106952 -0.000147331 -0.00221368 0.999998 0.00990923
1 -0.000486112 -0.000372006 0.0478076 0.000487758 0.99999 0.00443739 0.0106022 0.000369846 -0.00443757 0.99999 0.0284743
1 -0.000379916 -1.95271e-05 0.0505756 0.00037997 0.999996 0.00285712 0.0170148 1.84415e-05 -0.00285713 0.999996 0.0377049
0.999999 0.00112414 0.00041338 0.0462955 -0.00112444 0.999999 0.000725674 0.0223914 -0.000412563 -0.000726138 1 0.0311907
0.999996 0.00262911 0.000843079 0.0420207 -0.00262792 0.999996 -0.00140642 0.0277882 -0.000846773 0.0014042 0.999999 0.0246899
0.999995 0.00293379 0.00110571 0.0404452 -0.00293125 0.999993 -0.00229298 0.0225599 -0.00111243 0.00228973 0.999997 0.0231158
0.999994 0.0032387 0.00136807 0.0388676 -0.00323434 0.99999 -0.00317962 0.0173335 -0.00137835 0.00317517 0.999994 0.0215375
0.999992 0.00354385 0.00163015 0.037288 -0.0035372 0.999985 -0.00406633 0.0121089 -0.00164454 0.00406053 0.99999 0.019955
0.999991 0.00384923 0.00189197 0.0357063 -0.00383982 0.99998 -0.00495312 0.00688624 -0.001911 0.00494581 0.999986 0.0183683
0.999996 0.00240793 0.00155482 0.0467944 -0.00239684 0.999972 -0.00709329 -0.000570667 -0.00157186 0.00708954 0.999974 0.0121425
0.999998 -0.000363433 0.00191409 0.0374636 0.000366699 0.999998 -0.00170635 0.00630993 -0.00191347 0.00170705 0.999997 0.0163698
0.999994 -0.00265229 0.00216631 0.0234341 0.002643 0.999987 0.00428208 0.0104624 -0.00217764 -0.00427633 0.999988 0.0107533
0.999985 -0.0049426 0.00240481 0.00939364 0.00491766 0.999935 0.0102709 0.014549 -0.00245542 -0.0102589 0.999944 0.00511577
0.99997 -0.00723428 0.0026296 -0.00465749 0.00719059 0.999842 0.0162599 0.0185697 -0.00274681 -0.0162405 0.999864 -0.000542436
0.99998 -0.00597317 0.00187676 -0.00808587 0.00595415 0.999932 0.00998611 0.0181626 -0.00193628 -0.00997474 0.999948 -0.00726563
0.999992 -0.00333144 0.0023999 -0.00753564 0.00332997 0.999994 0.00061617 0.0102591 -0.00240194 -0.000608173 0.999997 -0.00762395
0.999996 -0.000684893 0.00289826 -0.00700651 0.000710245 0.999961 -0.00875517 0.00235787 -0.00289215 0.00875719 0.999958 -0.00805654
0.999998 -0.000532685 0.0020118 0.0148672 0.000544316 0.999983 -0.00578566 -0.00408 -0.00200869 0.00578674 0.999981 -0.00622989
0.999997 -0.00149297 0.001687 0.0289506 0.00149824 0.999994 -0.00312822 -0.00794766 -0.00168232 0.00313074 0.999994 0.00155046
0.999996 -0.00249039 0.00117094 0.0357148 0.00249079 0.999997 -0.000339944 0.000964846 -0.00117009 0.00034286 0.999999 0.00545589
0.999994 -0.00348636 0.000652103 0.042468 0.00348475 0.999991 0.00244782 0.00989494 -0.000660631 -0.00244554 0.999997 0.00933995
0.99999 -0.00448088 0.000130491 0.0492104 0.00448013 0.999976 0.00523506 0.0188425 -0.000153945 -0.00523442 0.999986 0.0132026
0.999994 -0.00352469 -0.000312111 0.0339406 0.00352657 0.999974 0.00624196 0.0150737 0.000290102 -0.00624302 0.99998 0.0307826
0.999996 -0.00256805 -0.000753749 0.0186593 0.00257345 0.99997 0.00724927 0.0113372 0.000735111 -0.00725119 0.999973 0.0483595
0.999999 -0.00137039 0.000400676 0.0197666 0.00136808 0.999983 0.00570085 0.0143119 -0.000408482 -0.0057003 0.999984 0.0422512
0.999999 -0.000923329 0.00142031 0.0277218 0.000920647 0.999998 0.00188764 0.00679314 -0.00142205 -0.00188633 0.999997 0.0241453
0.999997 -0.000472385 0.00243823 0.0356552 0.000477082 0.999998 -0.00192605 -0.000660089 -0.00243731 0.00192721 0.999995 0.00600283
0.999994 -1.75623e-05 0.00345442 0.0435667 3.73911e-05 0.999984 -0.00574017 -0.00804765 -0.00345426 0.00574026 0.999978 -0.012176
0.999996 -0.000855111 0.00285384 0.019259 0.000864093 0.999995 -0.0031477 0.00150489 -0.00285113 0.00315015 0.999991 -0.00352851
0.999996 -0.00189849 0.00228811 0.00298387 0.00189914 0.999998 -0.000284346 0.00517377 -0.00228756 0.000288691 0.999997 0.00414566
0.999994 -0.00294024 0.00171939 -0.0132995 0.0029358 0.999992 0.00257842 0.00884762 -0.00172696 -0.00257336 0.999995 0.0118001
0.999996 -0.00249494 0.000981815 0.0179222 0.00249202 0.999992 0.00296514 0.0100359 -0.000989205 -0.00296268 0.999995 0.00377926
0.999998 -0.00204936 0.000244412 0.0491503 0.00204853 0.999992 0.00335219 0.0112073 -0.00025128 -0.00335168 0.999994 -0.00421894
0.999999 -0.00146436 0.00080608 0.0570187 0.00146297 0.999997 0.00171544 0.0122907 -0.00080859 -0.00171425 0.999998 0.00917369
0.999999 -0.00150152 0.00040729 0.0472234 0.00150074 0.999997 0.00190589 0.0122143 -0.00041015 -0.00190528 0.999998 0.0222337
0.999999 -0.0015386 8.49285e-06 0.0374229 0.00153858 0.999997 0.00209633 0.0121399 -1.17182e-05 -0.00209631 0.999998 0.0352898
0.999999 -0.00168019 -0.000162141 0.0365688 0.00168037 0.999998 0.00115696 0.00885368 0.000160196 -0.00115724 0.999999 0.0374511
0.999998 -0.00198205 4.2052e-05 0.0307597 0.00198201 0.999998 0.000933537 0.00682931 -4.39022e-05 -0.000933452 1 0.0271807
0.999997 -0.00228386 0.000246312 0.0249491 0.00228368 0.999997 0.000710171 0.00480549 -0.000247933 -0.000709606 1 0.0169111
0.999997 -0.00258563 0.00045064 0.0191371 0.00258541 0.999997 0.000486866 0.00278221 -0.000451897 -0.0004857 1 0.00664215
0.999997 -0.00230853 0.000722668 0.0236958 0.0023074 0.999996 0.00155802 0.00638899 -0.000726262 -0.00155634 0.999999 0.00569723
0.999997 -0.00203172 0.000994993 0.0282554 0.00202909 0.999994 0.00262909 0.00999348 -0.00100033 -0.00262706 0.999996 0.00474721
0.999998 -0.0017552 0.00126761 0.0328156 0.0017505 0.999992 0.00370008 0.0135957 -0.0012741 -0.00369785 0.999992 0.00379208
0.999997 -0.00179242 0.00153983 0.0403999 0.00178926 0.999996 0.00205541 0.00722554 -0.00154351 -0.00205265 0.999997 -0.00120615
0.999995 -0.00204491 0.00234902 0.0368837 0.00204764 0.999997 -0.00116089 0.00701603 -0.00234664 0.00116569 0.999997 -0.000880546
0.999992 -0.0022948 0.00315902 0.0333679 0.00230862 0.999988 -0.00437696 0.00680457 -0.00314894 0.00438422 0.999985 -0.000552775
0.999989 -0.00254208 0.00396981 0.0298523 0.00257216 0.999968 -0.00759278 0.00659118 -0.00395038 0.0076029 0.999963 -0.000222843
0.999985 -0.00278674 0.00478139 0.0263371 0.00283829 0.999938 -0.0108083 0.00637583 -0.00475097 0.0108217 0.99993 0.000109246
0.99998 -0.00302879 0.00559375 0.0228222 0.00310699 0.999897 -0.0140235 0.00615852 -0.0055507 0.0140406 0.999886 0.000443483
0.999992 -0.00294088 0.00284802 0.0244424 0.00296238 0.999967 -0.00757379 0.00542832 -0.00282565 0.00758216 0.999967 -0.00732401
0.999996 -0.00283524 0.000102892 0.0260837 0.00283536 0.999995 -0.0011234 0.00464785 -9.97061e-05 0.00112368 0.999999 -0.0150822
0.999997 -0.00253617 -0.000616253 0.0246702 0.0025391 0.999985 0.00480081 0.00535243 0.000604069 -0.00480236 0.999988 0.00161766
0.999998 -0.0020526 0.000481626 0.0320883 0.00205074 0.999991 0.00383385 0.00384813 -0.000489491 -0.00383285 0.999993 0.0238806
0.999998 -0.00164787 0.00103083 0.0375751 0.00164783 0.999999 3.79779e-05 0.00641597 -0.00103089 -3.62792e-05 0.999999 0.0325907
0.999998 -0.00160186 0.00092901 0.0490307 0.00160286 0.999998 -0.00108278 0.0113784 -0.000927274 0.00108427 0.999999 0.023318
0.999997 -0.00201988 0.00104737 0.0501134 0.00202079 0.999998 -0.000866416 0.015418 -0.00104561 0.00086853 0.999999 0.0134422
0.999997 -0.00201346 0.000974386 0.0474994 0.00201425 0.999998 -0.000808112 0.0150076 -0.000972756 0.000810073 0.999999 0.0129075
0.999998 -0.00200704 0.000901406 0.0448855 0.00200772 0.999998 -0.000749809 0.0145971 -0.000899899 0.000751617 0.999999 0.0123726
0.999998 -0.00200062 0.000828427 0.0422715 0.00200119 0.999998 -0.000691505 0.0141865 -0.000827042 0.000693162 0.999999 0.0118376
0.999998 -0.00199419 0.000755449 0.0396577 0.00199466 0.999998 -0.000633201 0.013776 -0.000754184 0.000634707 1 0.0113025
0.999998 -0.00198775 0.00068247 0.0370438 0.00198814 0.999998 -0.000574897 0.0133655 -0.000681326 0.000576252 1 0.0107671
0.999998 -0.00198131 0.000609493 0.03443 0.00198163 0.999998 -0.000516592 0.0129549 -0.000608468 0.000517798 1 0.0102316
0.999998 -0.00162266 0.00118141 0.0396504 0.00162385 0.999998 -0.00100581 0.00733428 -0.00117978 0.00100773 0.999999 0.0047942
0.999998 -0.00115666 0.0013558 0.0353095 0.00116194 0.999992 -0.00389403 0.00695788 -0.00135129 0.0038956 0.999991 0.00452808
0.999999 -0.000690169 0.00152884 0.0309684 0.000700523 0.999977 -0.00678228 0.00658427 -0.00152412 0.00678335 0.999976 0.00426164
0.999999 -0.000223177 0.00170053 0.0266272 0.000239612 0.999953 -0.00967057 0.00621346 -0.00169829 0.00967096 0.999952 0.00399489
0.999998 0.00024431 0.00187087 0.0222856 -0.000220795 0.999921 -0.0125588 0.00584543 -0.00187379 0.0125584 0.999919 0.00372783
0.999998 0.000699922 0.00203314 0.0263483 -0.000678808 0.999946 -0.0103672 0.0104636 -0.00204028 0.0103658 0.999944 0.00777693
0.999997 0.00115518 0.00219639 0.0304138 -0.00113718 0.999966 -0.00817559 0.0150888 -0.00220576 0.00817307 0.999964 0.0118152
0.999996 0.00161007 0.00236065 0.034482 -0.00159592 0.999981 -0.00598401 0.019721 -0.00237024 0.00598022 0.999979 0.0158427
0.999995 0.00206461 0.0025259 0.038553 -0.00205502 0.999991 -0.00379248 0.0243601 -0.00253371 0.00378727 0.99999 0.0198593
0.999993 0.00251878 0.00269215 0.0426268 -0.00251447 0.999996 -0.00160101 0.0290062 -0.00269617 0.00159423 0.999995 0.0238651
0.999995 0.00246533 0.00191687 0.037452 -0.00246732 0.999996 0.0010385 0.0266578 -0.0019143 -0.00104322 0.999998 0.0273207
0.999996 0.00241392 0.00114145 0.0322746 -0.00241811 0.99999 0.00367795 0.0243181 -0.00113256 -0.0036807 0.999993 0.0307786
0.999997 0.00236456 0.000365893 0.0270947 -0.00236683 0.999977 0.00631735 0.0219874 -0.000350946 -0.0063182 0.99998 0.0342386
0.999997 0.0021483 0.00065979 0.0433704 -0.00214967 0.999996 0.00208632 0.0174991 -0.000655305 -0.00208773 0.999998 0.0300884
0.999998 0.00193327 0.000954599 0.0596458 -0.00193122 0.999996 -0.00214469 0.013032 -0.000958742 0.00214284 0.999997 0.0259144
0.999998 0.00180405 0.000869914 0.0578525 -0.0017994 0.999984 -0.00531864 0.0128067 -0.000879495 0.00531706 0.999985 0.0162177
0.999998 0.00185579 0.00121531 0.0430392 -0.00184724 0.999974 -0.00699679 0.00673196 -0.00122826 0.00699453 0.999975 0.00787162
0.999997 0.00190811 0.00156061 0.0282226 -0.0018945 0.999961 -0.00867494 0.000671924 -0.0015771 0.00867196 0.999961 -0.00047948
0.999996 0.001961 0.00190583 0.0134028 -0.00194117 0.999945 -0.0103531 -0.00537336 -0.00192603 0.0103493 0.999945 -0.00883561
0.999994 0.00141763 0.00301829 0.00122255 -0.00138978 0.999957 -0.00920838 -5.22332e-05 -0.00303121 0.00920414 0.999953 -0.00972927
0.999993 0.00125613 0.00359809 0.00243606 -0.0012373 0.999986 -0.00523045 0.00992999 -0.00360461 0.00522596 0.99998 -0.0031267
0.999996 0.00166787 0.00246997 -0.00380131 -0.00166791 0.999999 1.75506e-05 0.0207575 -0.00246994 -2.16702e-05 0.999997 -0.00443081
0.999996 0.00135557 0.0023491 0.000295958 -0.00135989 0.999997 0.00184064 0.0204156 -0.0023466 -0.00184383 0.999996 0.00122944
0.999997 0.00198457 0.00153218 0.0155663 -0.00198619 0.999997 0.00105404 0.0213021 -0.00153008 -0.00105708 0.999998 0.0127887
0.999996 0.00261294 0.000714755 0.0308278 -0.00261313 0.999997 0.000267951 0.0221699 -0.000714052 -0.000269818 1 0.0243611
0.999997 0.00241578 0.000401744 0.029789 -0.00241599 0.999997 0.000526324 0.0179229 -0.000400471 -0.000527293 1 0.0250067
0.999998 0.0022187 8.86822e-05 0.0287509 -0.00221877 0.999997 0.000784634 0.0136759 -8.69411e-05 -0.000784829 1 0.0256532
0.999998 0.00202171 -0.000224431 0.0277134 -0.00202147 0.999997 0.00104288 0.00942881 0.000226538 -0.00104243 0.999999 0.0263004
0.999998 0.00182479 -0.000537594 0.0266766 -0.00182409 0.999997 0.00130107 0.0051817 0.000539967 -0.00130009 0.999999 0.0269484
0.999998 0.00180013 0.000571103 0.0263961 -0.00179981 0.999998 -0.000557962 0.0110663 -0.000572107 0.000556933 1 0.0289789
0.999997 0.00177752 0.00167984 0.0261178 -0.00177346 0.999996 -0.00241697 0.0169471 -0.00168413 0.00241398 0.999996 0.0310206
0.999997 0.00186034 0.00163304 0.024414 -0.00185789 0.999997 -0.00150322 0.0179991 -0.00163583 0.00150018 0.999998 0.020522
0.999997 0.0019432 0.00158631 0.0227108 -0.00194226 0.999998 -0.000589473 0.0190418 -0.00158746 0.00058639 0.999999 0.0100223
0.999997 0.0020261 0.00153966 0.0210082 -0.0020266 0.999998 0.00032428 0.0200749 -0.001539 -0.000327399 0.999999 -0.000478413
0.999996 0.00222507 0.00174872 0.0185557 -0.00222255 0.999996 -0.0014406 0.0169522 -0.00175192 0.00143671 0.999997 -0.000602836
0.999995 0.00242441 0.00195742 0.0161025 -0.00241813 0.999992 -0.00320551 0.0138302 -0.00196518 0.00320076 0.999993 -0.000732255
0.999994 0.00262412 0.00216577 0.0136488 -0.00261333 0.999984 -0.00497046 0.0107089 -0.00217878 0.00496477 0.999985 -0.00086667
0.999996 0.00223947 0.00170572 0.0204052 -0.0022311 0.999986 -0.00489142 0.00882732 -0.00171665 0.0048876 0.999987 0.00557174
0.999997 0.00185485 0.00124564 0.0271595 -0.00184884 0.999987 -0.00481257 0.00694884 -0.00125455 0.00481025 0.999988 0.0120134
0.999999 0.00147027 0.000785525 0.0339114 -0.00146654 0.999988 -0.00473388 0.00507345 -0.000792475 0.00473272 0.999988 0.0184583
0.999999 0.00167337 0.000420919 0.0327087 -0.0016714 0.999988 -0.00463831 0.0125847 -0.000428675 0.0046376 0.999989 0.0233097
0.999998 0.00187651 5.63319e-05 0.0315058 -0.00187623 0.999988 -0.00454267 0.0200966 -6.48555e-05 0.00454256 0.99999 0.0281599
0.999996 0.00262347 0.000738057 0.0434717 -0.00261809 0.999971 -0.00719945 0.0148719 -0.000756923 0.00719749 0.999974 0.0199645
0.999996 0.00239736 0.00151706 0.0358193 -0.00238494 0.999964 -0.00813897 0.00658816 -0.00153652 0.00813532 0.999966 0.00930179
0.999996 0.00210396 0.00189672 0.025526 -0.00208758 0.999961 -0.00859563 0.00953702 -0.00191473 0.00859163 0.999961 -0.00376106
0.999995 0.00153018 0.00259595 0.0113997 -0.00150917 0.999966 -0.00807723 0.0118484 -0.00260822 0.00807328 0.999964 -0.0034202
0.999996 0.00149112 0.00239507 0.00821736 -0.00147815 0.999984 -0.00540946 0.0151982 -0.0024031 0.0054059 0.999982 -0.00480692
0.999997 0.0019106 0.00162987 0.0126758 -0.00190675 0.999995 -0.00235657 0.0157353 -0.00163437 0.00235345 0.999996 0.00254759
0.999997 0.00233241 0.000865954 0.0171289 -0.00233301 0.999997 0.000696669 0.016293 -0.000864326 -0.000698687 0.999999 0.00990383
0.999996 0.00275654 0.000103327 0.0215767 -0.00275691 0.999989 0.00375023 0.0168713 -9.29881e-05 -0.0037505 0.999993 0.0172617
0.999995 0.00318301 -0.000658001 0.026019 -0.00317846 0.999972 0.00680407 0.0174701 0.00067964 -0.00680194 0.999977 0.0246212
0.999992 0.00361179 -0.00141802 0.030456 -0.00359764 0.999945 0.00985817 0.0180896 0.00145355 -0.00985299 0.99995 0.0319823
0.999994 0.00327958 -0.000609785 0.0295377 -0.00327519 0.99997 0.00706494 0.0205483 0.000632937 -0.0070629 0.999975 0.0305471
0.999996 0.00294962 0.000199378 0.0286174 -0.00295045 0.999987 0.00427191 0.0230107 -0.000186774 -0.00427248 0.999991 0.0291195
0.999996 0.00262193 0.00100946 0.0276951 -0.00262342 0.999995 0.00147912 0.0254768 -0.00100558 -0.00148176 0.999998 0.0276996
0.999996 0.0022965 0.00182045 0.0267709 -0.00229411 0.999996 -0.00131342 0.0279466 -0.00182346 0.00130924 0.999997 0.0262873
0.999995 0.00268332 0.00185753 0.0272954 -0.00267761 0.999992 -0.00307004 0.0248116 -0.00186575 0.00306505 0.999994 0.0157122
0.999994 0.00307022 0.00189393 0.0278182 -0.00306104 0.999984 -0.00482667 0.021695 -0.00190871 0.00482084 0.999987 0.00513161
0.999991 0.00309445 0.00274916 0.0204542 -0.00307388 0.999967 -0.00745568 0.0154925 -0.00277215 0.00744717 0.999968 0.000996329
0.999989 0.00312093 0.00360433 0.0130864 -0.00308444 0.999944 -0.0100847 0.00930101 -0.00363561 0.0100734 0.999943 -0.00314894
0.999985 0.00314965 0.00445943 0.00571504 -0.00309274 0.999914 -0.0127136 0.00312059 -0.00449909 0.0126996 0.999909 -0.00730417
0.999992 0.00269412 0.00292208 0.0138543 -0.00267042 0.999964 -0.00808685 0.0109585 -0.00294376 0.00807898 0.999963 -0.00353563
0.999997 0.0022457 0.00138264 0.0219842 -0.0022409 0.999991 -0.00346061 0.0188173 -0.0013904 0.0034575 0.999993 0.000209147
0.999999 0.000507365 0.00133061 0.0307588 -0.000505395 0.999999 -0.00148033 0.0193876 -0.00133136 0.00147966 0.999998 0.0174562
0.999998 -0.00123086 0.00127514 0.0395314 0.00123023 0.999999 0.000499859 0.0200073 -0.00127576 -0.000498289 0.999999 0.0347026
0.999996 -0.00263235 0.000597882 0.0500933 0.00263228 0.999997 0.000115581 0.016284 -0.000598184 -0.000114007 1 0.0390956
0.999996 -0.0029399 0.000364799 0.0542671 0.00293992 0.999996 -3.82444e-05 0.0148307 -0.000364685 3.93167e-05 1 0.0356118
0.999996 -0.00277516 -0.000598422 0.050782 0.0027754 0.999996 0.000400302 0.00790227 0.000597309 -0.000401961 1 0.0240329
0.999995 -0.00261 -0.00156157 0.0473069 0.00261131 0.999996 0.000839007 0.000969339 0.00155938 -0.000843081 0.999998 0.0124537
0.999997 -0.00243541 7.4627e-05 0.0384005 0.00243542 0.999997 -0.000124518 0.00267373 -7.43236e-05 0.000124699 1 0.00665081
0.999996 -0.00225923 0.00171066 0.0294849 0.00226109 0.999997 -0.00108833 0.00438526 -0.00170819 0.00109219 0.999998 0.000864131
0.999992 -0.00208147 0.00334651 0.0205602 0.00208835 0.999996 -0.00205242 0.00610393 -0.00334223 0.0020594 0.999992 -0.0049063
0.999986 -0.00190213 0.00498219 0.0116263 0.00191718 0.999994 -0.0030168 0.00782971 -0.00497642 0.00302631 0.999983 -0.0106605
0.999996 -0.00180964 0.00215177 0.0239309 0.00181507 0.999995 -0.00252364 0.0113019 -0.00214719 0.00252754 0.999995 -0.00930426
0.999998 -0.00171574 -0.000678618 0.0362319 0.00171436 0.999996 -0.0020302 0.0147736 0.000682098 0.00202903 0.999998 -0.00791496
0.999998 -0.00159566 -0.00143423 0.0396207 0.00159993 0.999994 0.00298146 0.0141124 0.00142946 -0.00298375 0.999995 0.0112344
0.999997 -0.0014718 -0.00218923 0.042995 0.00148925 0.999967 0.00799313 0.0135468 0.00217739 -0.00799636 0.999966 0.0303895
0.999999 -0.00095936 0.000664073 0.0371666 0.000955349 0.999981 0.00601355 0.0150364 -0.00066983 -0.00601292 0.999982 0.030957
0.999998 -0.000102443 0.00198554 0.0311757 0.000100053 0.999999 0.001204 0.0130308 -0.00198566 -0.0012038 0.999997 0.012105
0.999994 0.000760818 0.00330286 0.0251582 -0.000748905 0.999993 -0.00360671 0.0111209 -0.00330558 0.00360422 0.999988 -0.00674842
0.999988 0.0016304 0.004616 0.0191143 -0.0015915 0.999963 -0.00841845 0.00930691 -0.00462956 0.008411 0.999954 -0.0256029
0.999998 0.000421454 0.00173744 0.0238482 -0.000412838 0.999988 -0.00495625 0.00526615 -0.00173951 0.00495553 0.999986 -0.0043296
0.999999 -0.000777535 -0.0011453 0.0285254 0.000775819 0.999999 -0.00149741 0.00130461 0.00114646 0.00149652 0.999998 0.0169711
0.999997 -0.00146299 -0.00191802 0.0390927 0.00146875 0.999994 0.00300656 0.00707735 0.00191361 -0.00300937 0.999994 0.031622
0.999999 -0.000975356 0.000800342 0.0585917 0.000976443 0.999999 -0.00135882 0.0188398 -0.000799015 0.0013596 0.999999 0.0195568
1 -9.33954e-05 0.000671161 0.055024 9.536e-05 0.999996 -0.00292771 0.0154576 -0.000670885 0.00292778 0.999995 0.0154857
1 0.000788362 0.000540596 0.0514539 -0.000785923 0.99999 -0.00449648 0.0120848 -0.000544136 0.00449605 0.99999 0.0114088
0.999999 0.00166991 0.000408649 0.0478813 -0.0016674 0.99998 -0.00606512 0.00872167 -0.000418769 0.00606443 0.999982 0.00732623
0.999998 0.00152277 0.00144141 0.0400102 -0.00151418 0.999981 -0.00593631 0.00533685 -0.00145042 0.00593411 0.999981 0.0128569
0.999996 0.00137549 0.00247415 0.0321454 -0.0013611 0.999982 -0.00580733 0.00195154 -0.00248209 0.00580394 0.99998 0.0183961
0.999993 0.00122807 0.00350687 0.0242868 -0.00120815 0.999983 -0.0056782 -0.00143426 -0.00351378 0.00567392 0.999978 0.0239439
0.999995 0.000183321 0.00311753 0.0216163 -0.000169163 0.99999 -0.00454105 0.00261821 -0.00311833 0.0045405 0.999985 0.00948442
0.999996 -0.000860986 0.00272701 0.0189473 0.000870268 0.999994 -0.00340431 0.0066515 -0.00272406 0.00340666 0.99999 -0.0049807
0.999997 -0.00114591 0.0019525 0.0134603 0.0011482 0.999999 -0.00117424 0.00843716 -0.00195115 0.00117648 0.999997 -0.00597511
0.999997 -0.00177417 0.00157151 0.0183902 0.0017743 0.999998 -8.44123e-05 0.00694438 -0.00157136 8.72004e-05 0.999999 -0.00365301
0.999998 -0.00166104 0.00122627 0.0324118 0.00166469 0.999994 -0.00298196 0.00405433 -0.00122131 0.00298399 0.999995 0.0038494
0.999999 -0.00120116 0.00119633 0.0359404 0.00121102 0.999965 -0.00827362 0.00336436 -0.00118635 0.00827506 0.999965 0.010647
0.999999 -0.000741452 0.00116396 0.0394685 0.000757174 0.999908 -0.013565 0.0026368 -0.00115379 0.0135659 0.999907 0.0174409
0.999999 -0.00028192 0.00112915 0.0429961 0.000303162 0.999822 -0.0188561 0.00187168 -0.00112364 0.0188564 0.999822 0.024231
0.999999 0.000258922 0.00100897 0.0464581 -0.00024152 0.999852 -0.0172098 0.00116342 -0.00101327 0.0172096 0.999851 0.0199167
0.999999 0.000799962 0.000889669 0.0499201 -0.00078602 0.999879 -0.0155635 0.000446174 -0.000902011 0.0155627 0.999878 0.0156041
0.999999 0.0013412 0.000771264 0.0533822 -0.00133033 0.999902 -0.013917 -0.000280055 -0.000789854 0.0139159 0.999903 0.011293
0.999999 0.000474761 0.00163177 0.0336834 -0.000460921 0.999964 -0.00847141 -0.00323313 -0.00163573 0.00847064 0.999963 0.0113962
0.999997 -0.00039635 0.00248754 0.0139874 0.000403873 0.999995 -0.00302483 -0.0062028 -0.00248633 0.00302582 0.999992 0.0115323
0.999999 -0.00117515 0.00101786 -0.000819398 0.00117054 0.999989 0.00451959 0.000236513 -0.00102316 -0.00451839 0.999989 0.00247849
0.999999 -0.000790665 -0.00108341 -0.00295604 0.000796705 0.999984 0.00558626 0.00558178 0.00107897 -0.00558712 0.999984 0.0139643
0.999995 -0.00040393 -0.00318426 -0.00511483 0.00042511 0.999978 0.00665371 0.0109401 0.0031815 -0.00665503 0.999973 0.0254399
0.999999 -0.00120447 -0.000829985 0.0170413 0.0012074 0.999993 0.00354394 0.00534833 0.000825711 -0.00354494 0.999993 0.0250083
0.999998 -0.00191868 -0.000167997 0.0348659 0.00191876 0.999998 0.000457505 0.00586824 0.000167119 -0.000457826 1 0.0168059
0.999997 -0.00229511 -5.74504e-05 0.0433416 0.00229496 0.999994 -0.00260009 0.0027045 6.34176e-05 0.00259995 0.999997 0.0109013
0.999996 -0.00267121 5.42466e-05 0.0518178 0.00267147 0.99998 -0.00565762 -0.000437974 -3.91329e-05 0.00565775 0.999984 0.00498609
0.999994 -0.00336359 0.000110438 0.0250414 0.00336416 0.999978 -0.00567146 0.00314056 -9.13594e-05 0.0056718 0.999984 -0.00590975
0.999992 -0.00405596 0.000166639 -0.00173812 0.00405685 0.999976 -0.00568525 0.00670069 -0.000143576 0.00568588 0.999984 -0.0168041
0.999995 -0.00313411 0.00041806 0.00198561 0.00313594 0.999985 -0.0044341 -0.000869378 -0.000404156 0.00443539 0.99999 -0.0131373
0.999997 -0.00221258 0.000670633 0.00570332 0.0022147 0.999992 -0.00318317 -0.00843828 -0.000663585 0.00318465 0.999995 -0.00946188
0.999998 -0.0018999 5.0427e-05 0.0146251 0.00189989 0.999998 0.000242444 -0.00614309 -5.08876e-05 -0.000242348 1 0.00283009
0.999999 -0.00158511 -0.000568704 0.0235401 0.00158718 0.999992 0.00366825 -0.00380859 0.000562885 -0.00366915 0.999993 0.0151197
0.999999 -0.00126819 -0.00118675 0.0324481 0.00127658 0.999974 0.00709421 -0.00143479 0.00117773 -0.00709571 0.999974 0.0274067
0.999999 -0.00137849 -0.00103359 0.0275397 0.00138642 0.999969 0.00771319 0.00531313 0.00102293 -0.00771462 0.99997 0.0357757
0.999997 -0.00204748 -0.00111836 0.0286539 0.00205305 0.999985 0.00500563 0.00452909 0.00110809 -0.00500791 0.999987 0.0307153
0.999996 -0.00271669 -0.00120131 0.029769 0.00271944 0.999994 0.00229797 0.00375949 0.00119506 -0.00230123 0.999997 0.0256529
0.999993 -0.00338612 -0.00128245 0.030885 0.0033856 0.999994 -0.000409759 0.00300435 0.00128383 0.000405415 0.999999 0.0205886
0.999991 -0.00405577 -0.00136178 0.032002 0.00405151 0.999987 -0.00311754 0.00226367 0.0013744 0.00311199 0.999994 0.0155223
0.999988 -0.00472563 -0.00143929 0.0331198 0.00471717 0.999972 -0.00582535 0.00153745 0.00146678 0.00581849 0.999982 0.0104541
0.999989 -0.00449852 -0.00146771 0.0290845 0.00449402 0.999985 -0.00305661 0.000161863 0.00148143 0.00304998 0.999994 0.0143654
0.99999 -0.00427134 -0.00149549 0.0250488 0.00427091 0.999991 -0.000287838 -0.00120198 0.00149671 0.000281448 0.999999 0.0182804
0.999991 -0.00404408 -0.00152265 0.0210126 0.00404785 0.999989 0.00248094 -0.00255405 0.0015126 -0.00248708 0.999996 0.0221991
0.999992 -0.00381675 -0.00154917 0.016976 0.00382483 0.999979 0.00524971 -0.00389436 0.0015291 -0.00525559 0.999985 0.0261214
0.999993 -0.00352635 -0.000996434 0.024727 0.0035343 0.999961 0.00809312 0.00220164 0.000967856 -0.00809659 0.999967 0.0265161
0.999995 -0.00323752 -0.000442872 0.03248 0.00324217 0.999935 0.0109363 0.00829645 0.000407436 -0.0109377 0.99994 0.0268892
0.999996 -0.00295027 0.00011151 0.040235 0.00294845 0.999901 0.0137792 0.01439 -0.000152151 -0.0137789 0.999905 0.0272408
0.999997 -0.00229348 -7.48022e-05 0.0238021 0.00229402 0.999963 0.00826439 0.0083324 5.58453e-05 -0.00826454 0.999966 0.0151964
0.999998 -0.00196356 -0.000407196 0.0196165 0.00196585 0.999982 0.00571024 -0.00128333 0.000395976 -0.00571103 0.999984 0.0101406
0.999997 -0.00248407 -0.000510857 0.0270805 0.00248588 0.999991 0.00356243 -0.0021322 0.000502003 -0.00356369 0.999994 0.0122661
0.999995 -0.00300481 -0.000613401 0.0345446 0.00300568 0.999994 0.00141455 -0.00298175 0.000609147 -0.00141638 0.999999 0.0143906
0.999994 -0.00352577 -0.000714825 0.042009 0.00352524 0.999994 -0.000733394 -0.00383197 0.000717407 0.00073087 0.999999 0.016514
0.999991 -0.00404694 -0.000815131 0.0494736 0.00404458 0.999988 -0.00288139 -0.00468286 0.000826781 0.00287806 0.999996 0.0186363
0.999992 -0.00372807 -0.00140142 0.0414597 0.00372718 0.999993 -0.000638429 -0.00488002 0.00140379 0.000633201 0.999999 0.0214443
0.999992 -0.00340789 -0.00198699 0.0334441 0.00341108 0.999993 0.00160472 -0.00506833 0.00198151 -0.00161148 0.999997 0.024248
0.999992 -0.0030864 -0.00257185 0.0254267 0.00309628 0.999988 0.00384804 -0.00524779 0.00255994 -0.00385597 0.999989 0.0270474
0.999991 -0.00276359 -0.00315597 0.0174077 0.00278278 0.999978 0.00609153 -0.00541842 0.00313907 -0.00610026 0.999976 0.0298425
0.99999 -0.00243947 -0.00373938 0.00938697 0.00247057 0.999962 0.00833517 -0.00558022 0.0037189 -0.00834432 0.999958 0.0326332
0.999994 -0.00260749 -0.00234529 0.0218609 0.0026313 0.999944 0.0102097 0.00389836 0.00231854 -0.0102158 0.999945 0.0318772
0.999996 -0.00277811 -0.000951515 0.0343322 0.00278941 0.999923 0.0120845 0.0133774 0.00091787 -0.0120871 0.999927 0.0310861
